1311875714.423347 1187 -4.88276 0.407068 -2.47858 0.0491669 0.94126 0.21381 0.256705
1311875714.123399 1185 -4.98503 0.389711 -2.46835 0.0746162 0.94686 0.172138 0.26126
1311875714.6913431 1195 -4.79648 0.441079 -2.48638 0.0347417 0.927224 0.256532 0.27063
1311875714.855448 1200 -4.73723 0.466758 -2.49447 0.00449965 0.918882 0.291862 0.265429
1311875714.923357 1202 -4.70682 0.474731 -2.49349 0.00170233 0.9144 0.304608 0.266617
1311875715.091413 1207 -4.66425 0.492127 -2.53914 0.000124071 0.901756 0.343587 0.262266
1311875714.5235119 1190 -4.85023 0.407644 -2.47631 0.0468289 0.934872 0.230243 0.266101
1311875714.8232889 1199 -4.75856 0.476429 -2.48916 0.00981585 0.921076 0.282461 0.267839
1311875714.7554331 1197 -4.78057 0.464911 -2.48491 0.0247991 0.924539 0.266104 0.271664
1311875714.4913831 1189 -4.855 0.421052 -2.46246 0.0469719 0.937887 0.222126 0.262337
1311875714.355418 1186 -4.90236 0.42553 -2.44453 0.0580468 0.945333 0.194737 0.255055
1311875714.5914099 1192 -4.82858 0.427285 -2.47142 0.0434734 0.932032 0.238088 0.269704
1311875714.455447 1188 -4.87062 0.403112 -2.47386 0.0480835 0.93957 0.217951 0.259601
1311875714.555367 1191 -4.84105 0.419137 -2.48115 0.046287 0.933392 0.233461 0.268573
1311875714.7233491 1196 -4.78687 0.454427 -2.4817 0.0309152 0.926359 0.25997 0.270774
1311875714.7914259 1198 -4.7677 0.471489 -2.49168 0.0175338 0.922832 0.273593 0.270591
1311875715.2233961 1209 -4.61905 0.480073 -2.58559 -0.00338054 0.901454 0.358807 0.242129
1311875714.955431 1203 -4.69515 0.473588 -2.50607 0.0032622 0.910955 0.313996 0.267501
1311875714.655314 1194 -4.8077 0.433776 -2.48506 0.0379276 0.928618 0.251048 0.270565
1311875714.6233771 1193 -4.81938 0.434859 -2.47294 0.0396883 0.930294 0.244409 0.270631
1311875714.8915451 1201 -4.71916 0.464614 -2.4988 0.00159215 0.916427 0.299283 0.265687
1311875715.0233991 1205 -4.68136 0.495997 -2.5087 0.00688785 0.907643 0.322704 0.268325
1311875716.155256 1212 -4.31158 0.503667 -2.6502 -0.0149362 0.892001 0.406154 0.197865
1311875715.055475 1206 -4.67723 0.505839 -2.51139 0.00279297 0.904905 0.331369 0.267085
1311875715.123419 1208 -4.65498 0.486782 -2.55141 0.00019039 0.901296 0.349202 0.256366
1311875714.991466 1204 -4.68329 0.472244 -2.51531 0.00590529 0.90885 0.319926 0.267589
1311875715.4912851 1210 -4.54819 0.503659 -2.59833 -0.0238194 0.90357 0.37129 0.212458
1311875716.4553499 1214 -4.19729 0.512436 -2.60859 -0.0313874 0.895445 0.375477 0.237088
1311875715.7552731 1211 -4.46686 0.512293 -2.63965 -0.0340673 0.893123 0.400356 0.202201
1311875716.391402 1213 -4.22422 0.501315 -2.62669 -0.0327962 0.895864 0.380817 0.226564
1311875716.4914351 1215 -4.18288 0.492972 -2.62434 -0.0306699 0.893612 0.375875 0.243384
1311875716.791388 1220 -4.0881 0.465681 -2.6008 -0.0347438 0.908596 0.302172 0.286249
1311875716.6233971 1217 -4.14874 0.479935 -2.61356 -0.0301791 0.899885 0.346076 0.263681
1311875716.691386 1218 -4.1236 0.471379 -2.61187 -0.0334029 0.902705 0.331192 0.272618
1311875716.5914581 1216 -4.15796 0.477121 -2.62284 -0.0293337 0.89678 0.357295 0.259357
1311875716.991256 1226 -4.03251 0.434799 -2.57961 -0.0282631 0.910671 0.243209 0.33276
1311875716.923286 1224 -4.04623 0.435827 -2.58774 -0.0328599 0.910775 0.263091 0.31653
1311875716.723336 1219 -4.10928 0.466607 -2.61367 -0.0337801 0.905394 0.319661 0.277377
1311875716.8233659 1221 -4.07504 0.450372 -2.59839 -0.0364278 0.909741 0.292954 0.29193
1311875717.1233859 1230 -4.00707 0.422075 -2.56674 -0.0225482 0.908071 0.215922 0.358157
1311875719.123167 1246 -3.44306 0.174854 -2.63299 0.12796 0.9158 -0.049399 0.377486
1311875717.291434 1235 -3.94838 0.391256 -2.56249 -0.00957149 0.902665 0.190847 0.385592
1311875717.0233021 1227 -4.02933 0.431921 -2.57591 -0.0282738 0.910054 0.23631 0.339352
1311875716.891376 1223 -4.05329 0.444523 -2.5871 -0.0345858 0.911054 0.272489 0.307464
1311875716.855474 1222 -4.06234 0.445417 -2.59209 -0.0358762 0.910959 0.281719 0.299166
1311875717.0552449 1228 -4.00273 0.429233 -2.57901 -0.0273527 0.910034 0.228505 0.344783
1311875717.091351 1229 -4.01004 0.423792 -2.56923 -0.0244298 0.909598 0.2199 0.351679
1311875717.155407 1231 -3.98215 0.403422 -2.56468 -0.0209824 0.907039 0.211724 0.363336
1311875716.955303 1225 -4.03164 0.432523 -2.58334 -0.0312588 0.911165 0.251574 0.324825
1311875718.491369 1244 -3.65452 0.287769 -2.66031 0.0635945 0.927451 -0.0280246 0.367429
1311875718.12326 1243 -3.72966 0.312643 -2.64274 0.0520842 0.909464 0.055178 0.408802
1311875717.2553389 1234 -3.95905 0.393891 -2.56191 -0.0130077 0.903196 0.197656 0.380789
1311875717.2233901 1233 -3.97265 0.412127 -2.55743 -0.0149029 0.904764 0.199489 0.376011
1311875717.1913691 1232 -3.97054 0.410151 -2.55859 -0.0175118 0.906435 0.203494 0.369676
1311875717.5552731 1242 -3.87866 0.361192 -2.557 0.0123488 0.899869 0.158426 0.406184
1311875717.4554269 1240 -3.9108 0.382266 -2.55393 -0.00134275 0.899777 0.172014 0.401011
1311875717.3913591 1238 -3.91893 0.365112 -2.56914 -0.00578743 0.899834 0.182567 0.396149
1311875717.35531 1237 -3.93291 0.39996 -2.55195 -0.00830106 0.901189 0.184242 0.392229
1311875717.4233799 1239 -3.9151 0.376925 -2.55857 -0.00168735 0.900431 0.174176 0.398602
1311875719.3553531 1247 -3.35317 0.170635 -2.61458 0.13457 0.900389 -0.0480123 0.410956
1311875717.5233431 1241 -3.88549 0.344228 -2.56995 0.00837894 0.899469 0.164736 0.404658
1311875717.323416 1236 -3.94804 0.402128 -2.5548 -0.00737693 0.902253 0.185179 0.389352
1311875721.691241 1260 -2.63921 0.230285 -2.38522 -0.0129853 0.845127 0.233816 0.480543
1311875721.6552839 1259 -2.65295 0.229726 -2.37886 -0.0102034 0.848419 0.229351 0.476947
1311875720.9553449 1253 -2.84181 0.229252 -2.48515 0.0540648 0.869216 0.195276 0.451008
1311875718.823272 1245 -3.54427 0.229877 -2.70358 0.100209 0.927024 -0.0340723 0.359754
1311875721.4231639 1256 -2.72708 0.213781 -2.40658 0.0169787 0.861994 0.210378 0.46089
1311875719.5913219 1248 -3.27856 0.177638 -2.55883 0.129158 0.891337 -0.0496767 0.431704
1311875721.5551691 1257 -2.68693 0.220743 -2.39082 -0.00422466 0.854362 0.220766 0.470436
1311875720.123148 1250 -3.08693 0.206266 -2.46524 0.130853 0.863142 0.0143007 0.487503
1311875719.8553751 1249 -3.1912 0.148823 -2.56287 0.136534 0.873773 -0.0249025 0.466112
1311875721.323302 1255 -2.75349 0.211027 -2.41906 0.0286161 0.86619 0.212394 0.451426
1311875721.9912291 1268 -2.52669 0.223734 -2.39443 -0.00996538 0.826655 0.220461 0.517628
1311875725.590987 1278 -1.61634 0.0814341 -2.48145 0.163899 0.69576 -0.0314588 0.698617
1311875723.8912079 1272 -1.97089 0.239739 -2.34052 0.140176 0.778132 0.0167387 0.61203
1311875721.7553239 1261 -2.61677 0.235611 -2.38433 -0.0140627 0.84091 0.236522 0.486549
1311875721.955153 1267 -2.53536 0.225108 -2.39733 -0.0117493 0.829142 0.22463 0.511788
1311875721.923228 1266 -2.54826 0.224283 -2.39589 -0.015072 0.830847 0.230845 0.506139
1311875721.8912981 1265 -2.56707 0.23177 -2.38918 -0.0145994 0.833411 0.23278 0.501026
1311875721.855197 1264 -2.57571 0.22772 -2.39107 -0.013658 0.83558 0.235192 0.496291
1311875724.9230919 1276 -1.74724 0.201383 -2.33027 0.170651 0.633953 -0.0207423 0.754024
1311875724.2231569 1273 -1.90956 0.140268 -2.30313 0.144543 0.729221 0.0251807 0.668364
1311875721.823293 1263 -2.58887 0.229565 -2.39333 -0.0155679 0.836511 0.238229 0.493208
1311875721.591224 1258 -2.67295 0.221905 -2.39138 -0.00689986 0.852478 0.224447 0.472077
1311875731.359067 1293 -0.37061 0.099862 -2.17817 0.0561514 0.810999 0.085559 0.576027
1311875729.559221 1289 -0.776479 0.189439 -2.59374 0.0200944 0.959906 0.164865 0.225823
1311875723.2232251 1270 -2.23572 0.14209 -2.526 0.0717915 0.826373 0.0668914 0.554508
1311875721.791254 1262 -2.60424 0.233334 -2.3884 -0.0157205 0.838361 0.238263 0.490035
1311875726.8230431 1281 -1.31867 0.0520409 -2.53584 0.179639 0.761974 -0.0875795 0.615999
1311875724.459245 1274 -1.87323 0.111999 -2.27652 0.154704 0.685483 0.0197298 0.71119
1311875727.7914701 1285 -1.10454 0.173498 -2.63606 0.142375 0.890001 -0.0723957 0.427067
1311875723.6231861 1271 -2.07488 0.115851 -2.43598 0.108602 0.812517 0.0351939 0.571649
1311875732.526922 1297 -0.279994 0.0675178 -1.88909 0.0831634 0.621384 0.0416401 0.777966
1311875732.791045 1298 -0.268897 0.0523051 -1.85127 0.0751618 0.54705 0.046448 0.832424
1311875733.259068 1300 -0.31337 0.0124465 -1.70405 0.0823169 0.473178 0.046373 0.875886
1311875725.891047 1279 -1.51381 0.148609 -2.42715 0.17803 0.707366 -0.0408652 0.682839
1311875724.6912661 1275 -1.79282 0.168324 -2.3024 0.17261 0.64435 -0.0023603 0.744992
1311875725.291225 1277 -1.65532 0.183969 -2.47227 0.167545 0.664278 -0.00878975 0.728413
1311875727.2911451 1283 -1.20231 0.0724163 -2.64664 0.188854 0.818464 -0.102516 0.532861
1311875726.59108 1280 -1.37054 0.0713839 -2.51873 0.178715 0.73211 -0.0673621 0.653864
1311875728.5232201 1287 -0.969017 0.206078 -2.6295 0.0838223 0.957243 0.0593658 0.270436
1311875727.559345 1284 -1.15631 0.112056 -2.65603 0.16804 0.859142 -0.106242 0.471539
1311875729.0593309 1288 -0.90991 0.207431 -2.64738 -0.00276554 0.980018 0.123861 0.155611
1311875728.191097 1286 -1.0007 0.202243 -2.60634 0.0990467 0.941333 -0.00801589 0.322518
1311875727.02319 1282 -1.28859 0.0516423 -2.59908 0.185421 0.779256 -0.0948523 0.591085
1311875730.0231769 1290 -0.646278 0.166271 -2.53571 0.0269715 0.94093 0.16032 0.29702
1311875730.490972 1291 -0.552058 0.139501 -2.45037 0.0197051 0.899877 0.169887 0.401212
1311875732.091058 1295 -0.289448 0.0548585 -2.03343 0.0753387 0.717606 0.0540552 0.690249
1311875733.3915341 1301 -0.330276 0.0216416 -1.64359 0.0895431 0.452627 0.0467009 0.885963
1311875733.090965 1299 -0.285719 0.0436934 -1.76685 0.078215 0.496085 0.045382 0.863552
1311875732.2274079 1296 -0.274146 0.0559437 -1.99323 0.0845345 0.688618 0.054834 0.718089
1311875731.790966 1294 -0.315643 0.0687455 -2.11611 0.0597204 0.756129 0.0707866 0.647836
1311875734.2912951 1305 -0.308178 -0.0161439 -1.46351 0.110078 0.410662 0.00399534 0.90511
1311875733.8590741 1303 -0.375081 0.00188056 -1.51595 0.0827365 0.407398 0.0378708 0.908706
1311875737.3589399 1314 -0.442028 -0.183241 -0.733184 0.145631 0.377294 0.0109561 0.914506
1311875736.726898 1312 -0.42377 -0.16868 -0.868549 0.0582819 0.455955 0.0541079 0.886443
1311875738.590806 1318 -0.67959 -0.216761 -0.446748 -0.0266443 0.169306 0.00719105 0.985177
1311875739.1588371 1322 -0.818911 -0.190769 -0.315037 -0.108414 0.0646878 -0.000245877 0.991999
1311875738.9591191 1320 -0.789089 -0.193713 -0.339623 -0.0822252 0.0965025 0.00141977 0.99193
1311875735.7910559 1309 -0.361385 -0.107218 -1.14398 0.0989441 0.584144 0.0423134 0.804485
1311875736.091172 1310 -0.39545 -0.117239 -1.03096 0.0708177 0.559644 0.0580796 0.823656
1311875734.9269359 1307 -0.221771 -0.0813099 -1.35101 0.183784 0.515562 -0.0105795 0.836844
1311875734.127146 1304 -0.341552 -0.025855 -1.46488 0.0981401 0.391826 0.0255608 0.914433
1311875733.55901 1302 -0.355291 0.020283 -1.59911 0.0891771 0.435676 0.0487289 0.894349
1311875737.958981 1316 -0.544017 -0.176593 -0.621663 0.0916607 0.238873 0.0236799 0.966425
1311875736.427068 1311 -0.432558 -0.12843 -0.930428 0.0353844 0.497038 0.0719996 0.864012
1311875737.690975 1315 -0.503563 -0.146105 -0.669393 0.130797 0.304839 0.0137358 0.94328
1311875739.9934371 1328 -0.949207 -0.246326 -0.204779 -0.0233327 -0.0657979 -0.0177232 0.997403
1311875743.161047 1341 -1.26166 -0.211294 -0.117451 -0.00958464 0.116051 -0.055017 0.991672
1311875735.4591479 1308 -0.361156 -0.0405891 -1.22022 0.14583 0.566658 0.00965711 0.810888
1311875734.458951 1306 -0.294445 -0.0998354 -1.42979 0.129273 0.443712 -0.00592944 0.886777
1311875738.29087 1317 -0.594054 -0.167937 -0.535834 0.0196162 0.190466 0.0122978 0.981421
1311875739.6937859 1326 -0.891792 -0.243668 -0.226833 -0.0627663 -0.0203642 -0.0110908 0.997759
1311875739.2941799 1324 -0.833821 -0.186525 -0.294351 -0.121063 0.0462338 -0.00264179 0.991564
1311875736.9920261 1313 -0.429096 -0.193735 -0.823876 0.113288 0.432989 0.0338622 0.893611
1311875739.5268171 1325 -0.870263 -0.229754 -0.247226 -0.0991979 0.00781497 -0.00741414 0.995009
1311875739.1267691 1321 -0.814739 -0.186914 -0.322874 -0.103844 0.0698462 -0.000726055 0.992138
1311875740.126858 1329 -0.971732 -0.251831 -0.200857 -0.0163585 -0.0803 -0.0176894 0.99648
1311875739.1949079 1323 -0.820293 -0.189925 -0.307701 -0.111568 0.0600828 -0.000677732 0.991939
1311875741.0269539 1335 -1.17758 -0.303513 -0.168609 0.099124 -0.0850491 -0.00737232 0.991406
1311875740.460649 1331 -1.0096 -0.275291 -0.175365 0.014679 -0.0969997 -0.0209564 0.994955
1311875740.8598969 1334 -1.11764 -0.295946 -0.166201 0.071938 -0.0838809 -0.0128318 0.993793
1311875740.7268369 1333 -1.07795 -0.288462 -0.166934 0.0529382 -0.0871947 -0.0157048 0.99466
1311875740.594939 1332 -1.03872 -0.276726 -0.17337 0.0335138 -0.0890332 -0.0230496 0.995198
1311875741.1272681 1336 -1.20181 -0.299208 -0.171238 0.110015 -0.083639 -0.00811132 0.990371
1311875741.3589981 1337 -1.24068 -0.311414 -0.151741 0.135069 -0.0656796 -0.0218694 0.988415
1311875743.3588569 1342 -1.27099 -0.19609 -0.120095 -0.0412934 0.105034 -0.0486442 0.99242
1311875743.696759 1343 -1.27645 -0.201963 -0.116437 -0.0700102 0.090488 -0.0380484 0.992705
1311875580.238013 45 0.597959 -0.49748 0.134527 0.0136801 0.396281 0.0409376 0.917114
1311875573.737992 24 0.809269 -0.32373 -0.228308 0.0693723 0.481437 0.0345525 0.873048
1311875575.8381031 32 0.959647 -0.515275 -0.420354 0.161969 0.574762 0.0290203 0.801606
1311875573.8380179 25 0.825804 -0.343628 -0.234401 0.0728848 0.505482 0.0435318 0.85865
1311875573.9381061 26 0.849941 -0.389799 -0.256754 0.0806715 0.518658 0.0530557 0.849512
1311875574.038034 27 0.859036 -0.404087 -0.271459 0.0967616 0.526596 0.0560475 0.842729
1311875574.4060929 29 0.903813 -0.425559 -0.33475 0.118367 0.554715 0.0508487 0.822007
1311875574.8701 30 0.927332 -0.468999 -0.341744 0.13603 0.538064 0.0506345 0.830313
1311875575.5379579 31 0.956004 -0.489645 -0.397962 0.144884 0.558489 0.0351973 0.816003
1311875579.7380209 43 0.649523 -0.491679 0.0507832 0.0385803 0.42509 0.0478459 0.903062
1311875576.0739861 33 0.962207 -0.51344 -0.430613 0.170178 0.584106 0.0243768 0.793262
1311875576.3380401 34 0.940072 -0.504033 -0.393565 0.17018 0.604797 0.018079 0.777774
1311875577.8740029 35 0.864161 -0.570071 -0.292603 0.171668 0.540234 0.026907 0.82338
1311875578.0060129 36 0.816133 -0.559732 -0.249995 0.180424 0.540568 0.017472 0.82154
1311875578.138128 37 0.785293 -0.5559 -0.233262 0.180709 0.531981 0.0105366 0.827182
1311875578.3739829 38 0.752591 -0.558147 -0.218084 0.171181 0.521091 4.34876e-05 0.836159
1311875578.5380609 39 0.71585 -0.525539 -0.154758 0.166121 0.519324 -0.00806296 0.838237
1311875578.8060119 40 0.685929 -0.515391 -0.121228 0.144158 0.492859 0.00775759 0.858049
1311875579.1380479 41 0.681874 -0.503309 -0.0808072 0.0948115 0.464083 0.0250369 0.880347
1311875711.6554861 1170 -5.51267 0.401499 -2.21324 0.0660683 0.943817 0.18973 -0.262388
1311875607.8414791 235 -5.19284 -0.487636 3.32809 -0.010635 -0.0261417 -0.0172038 0.999454
1311875608.14132 236 -5.28563 -0.436482 3.37982 -0.00811953 0.0582405 0.0122036 0.998195
1311875608.5414701 237 -5.35802 -0.449704 3.43508 0.00652966 0.123011 0.00589863 0.992366
1311875609.6094229 242 -5.51438 -0.510268 3.63135 0.097759 0.245263 0.00417745 0.964506
1311875610.67731 246 -5.72883 -0.501709 3.75382 0.130855 0.383321 0.017129 0.914138
1311875610.941664 247 -5.76415 -0.498952 3.78743 0.15176 0.398252 0.0208741 0.904394
1311875611.27723 248 -5.75853 -0.530871 3.86015 0.157786 0.416829 0.00648929 0.895162
1311875611.409277 249 -5.7614 -0.552074 3.89691 0.18078 0.419187 0.00452408 0.889708
1311875611.5093811 250 -5.7601 -0.556978 3.92582 0.195392 0.418681 0.00930049 0.886816
1311875606.309305 230 -5.02917 -0.536493 3.00935 0.0853892 -0.315359 0.0137225 0.945023
1311875598.5759721 197 -3.58487 -0.283291 2.30787 -0.079655 0.0338045 0.00818376 0.996216
1311875599.009594 198 -3.70172 -0.268695 2.35574 -0.0794872 0.0720299 0.0110294 0.994169
1311875599.316412 199 -3.77103 -0.247288 2.40414 -0.116997 0.0958535 0.00540483 0.988481
1311875599.6750441 200 -3.83875 -0.224235 2.48257 -0.15977 0.124744 0.0130667 0.979154
1311875600.042711 201 -3.90732 -0.218505 2.54741 -0.197512 0.169949 0.0437456 0.964465
1311875600.4736431 202 -3.99945 -0.196222 2.60435 -0.239016 0.165471 0.030946 0.956312
1311875709.9874251 1164 -6.09985 0.381167 -1.924 0.0282392 0.910538 0.186617 -0.367827
1311875614.409236 258 -5.60427 -0.663682 4.70169 0.147104 0.527531 0.0318911 0.836095
1311875614.945343 271 -5.52446 -0.643581 4.85511 0.100807 0.557779 0.0651921 0.821262
1311875614.8453021 269 -5.53376 -0.651119 4.82376 0.110316 0.555003 0.066288 0.821832
1311875614.877188 270 -5.5298 -0.651299 4.83569 0.10703 0.555427 0.0668602 0.821934
1311875615.409214 278 -5.45273 -0.636805 4.96715 0.05027 0.561403 0.0789604 0.822231
1311875711.255528 1167 -5.68863 0.419852 -2.16139 0.0492635 0.922125 0.184478 -0.336491
1311875711.3875539 1168 -5.63639 0.420144 -2.17623 0.0623086 0.927949 0.189777 -0.314662
1311875711.587496 1169 -5.54573 0.420488 -2.19413 0.0645826 0.939493 0.189562 -0.277936
1311875615.0092731 273 -5.51315 -0.650615 4.87254 0.0935606 0.55836 0.0664959 0.82162
1311875614.8094971 268 -5.53765 -0.647863 4.81094 0.114094 0.554129 0.0637747 0.822105
1311875615.177258 276 -5.49631 -0.634807 4.92062 0.0715521 0.557635 0.0740922 0.823671
1311875711.7234581 1171 -5.48578 0.408763 -2.22271 0.0695668 0.951162 0.182971 -0.23869
1311875710.855365 1166 -5.83019 0.393667 -2.12332 0.0404867 0.90084 0.198197 -0.384143
1311875597.041786 194 -3.25512 -0.271237 2.02162 -0.0564272 -0.0291347 0.00167019 0.99798
1311875597.8436601 196 -3.42365 -0.279192 2.19694 -0.0756522 -0.015627 -0.00391129 0.997004
1311875605.009593 225 -4.96774 -0.494906 2.83111 0.0769072 -0.472893 0.0244367 0.877417
1311875605.2093649 226 -4.9772 -0.505523 2.83714 0.0877702 -0.464303 0.033382 0.880684
1311875605.3415661 227 -4.98755 -0.510926 2.84214 0.0957319 -0.450116 0.0430209 0.886781
1311875605.709465 228 -4.9917 -0.515681 2.88146 0.108955 -0.410505 0.0421459 0.904344
1311875605.877517 229 -4.99962 -0.561164 2.95216 0.104214 -0.383174 0.0293191 0.91731
1311875711.9553781 1178 -5.41515 0.388069 -2.24179 0.0603964 0.968548 0.164683 -0.176483
1311875711.7553589 1172 -5.48058 0.407185 -2.22282 0.071088 0.955073 0.178402 -0.225733
1311875711.7875049 1173 -5.47215 0.409072 -2.21303 0.0704129 0.958328 0.174277 -0.215123
1311875711.8234961 1174 -5.46616 0.416459 -2.21006 0.0674358 0.959974 0.174837 -0.208169
1311875711.8554511 1175 -5.45748 0.412088 -2.21497 0.0647629 0.961279 0.174797 -0.202962
1311875711.88748 1176 -5.43733 0.404885 -2.21876 0.0625013 0.962728 0.173455 -0.197895
1311875711.9234171 1177 -5.42679 0.400266 -2.23204 0.0607954 0.965076 0.1708 -0.189103
1311875712.4234331 1179 -5.45959 0.368711 -2.23912 0.0281511 0.996145 0.0830662 -0.0015866
1311875712.787554 1180 -5.38967 0.321843 -2.28988 0.0485477 0.992779 0.0334508 0.104472
1311875713.5915151 1183 -5.17925 0.315797 -2.37327 0.0769014 0.953116 0.103587 0.273727
1311875713.0555251 1181 -5.30699 0.25151 -2.30848 0.0728099 0.979718 0.0161905 0.185983
1311875713.3233571 1182 -5.26421 0.274179 -2.3714 0.0829219 0.964503 0.0564369 0.244281
1311875713.8235071 1184 -5.09503 0.393641 -2.41725 0.0753718 0.951451 0.135347 0.265974
1311875596.6095481 193 -3.15446 -0.284461 1.94123 -0.0530528 0.00178419 0.00830623 0.998556
1311875587.5736649 98 -1.36972 -0.347114 1.12573 -0.159964 -0.117507 -0.0530281 0.978668
1311875587.405762 97 -1.30536 -0.350868 1.11977 -0.160734 -0.111413 -0.066133 0.978457
1311875588.373708 107 -1.69177 -0.330807 1.13744 -0.113322 -0.239786 -0.0554741 0.962592
1311875587.0737829 96 -1.20341 -0.361898 1.08833 -0.159465 -0.119105 -0.079914 0.976729
1311875586.2418251 79 -0.97747 -0.38037 0.955763 -0.11829 -0.0480907 -0.0437928 0.990847
1311875586.305855 80 -1.00051 -0.391291 0.969507 -0.126931 -0.0584048 -0.0443837 0.989195
1311875583.0058479 58 -0.0887613 -0.498816 0.526189 0.0357996 0.117602 0.0262206 0.992069
1311875572.705956 7 0.126364 -0.0970367 -0.0764345 0.0439495 0.0758149 -0.0509269 0.99485
1311875572.670171 6 0.110066 -0.110304 -0.0670864 0.0444703 0.0623518 -0.0550731 0.995541
1311875586.4418001 84 -1.04354 -0.390793 0.994699 -0.132403 -0.0740368 -0.048648 0.987229
1311875588.605762 113 -1.74625 -0.323988 1.15806 -0.0995451 -0.266537 -0.0550806 0.957087
1311875588.6737001 114 -1.76195 -0.335147 1.18178 -0.0962106 -0.270788 -0.0547746 0.956252
1311875588.7057779 115 -1.76513 -0.328318 1.18059 -0.0930354 -0.27251 -0.054782 0.956076
1311875588.7736509 116 -1.78096 -0.33928 1.19499 -0.0890621 -0.275141 -0.0515966 0.955878
1311875588.9417889 117 -1.80503 -0.352144 1.22225 -0.0801394 -0.283537 -0.0459198 0.954503
1311875583.173898 59 -0.122247 -0.52297 0.564513 0.0490084 0.107489 0.0259078 0.99266
1311875589.6057601 120 -1.92301 -0.380406 1.26794 -0.0186354 -0.373846 -0.0306797 0.926796
1311875586.505861 86 -1.06287 -0.393008 1.00434 -0.13407 -0.081303 -0.050508 0.986339
1311875586.3417251 81 -1.01177 -0.38846 0.976481 -0.128772 -0.0628189 -0.0452594 0.988647
1311875583.537725 61 -0.204337 -0.544787 0.645463 0.0871822 0.113544 0.025268 0.989378
1311875586.573945 88 -1.08307 -0.388266 1.01676 -0.135068 -0.0888907 -0.0541323 0.985355
1311875583.337934 60 -0.146343 -0.537415 0.603137 0.0728505 0.102748 0.0298621 0.991587
1311875573.306031 18 0.677091 -0.200927 -0.202669 0.0368984 0.385859 0.0054817 0.921803
1311875573.038089 14 0.540787 -0.140512 -0.156893 -0.00309485 0.255123 0.00945709 0.966857
1311875572.8380721 10 0.300662 -0.0942371 -0.0919928 -0.00145791 0.117545 -0.00229714 0.993064
1311875586.47385 85 -1.04973 -0.390256 1.0016 -0.133546 -0.0781155 -0.0494906 0.986719
1311875596.2095311 191 -3.03876 -0.292443 1.909 -0.0354722 0.0399827 0.000667522 0.99857
1311875595.5437579 185 -2.78413 -0.32102 1.82337 -0.0191467 0.110788 -0.0014988 0.993658
1311875595.641681 186 -2.81802 -0.317723 1.84461 -0.0245156 0.10104 -0.0017058 0.994579
1311875595.7735789 187 -2.86719 -0.312681 1.86192 -0.0336799 0.0854808 0.00233846 0.995768
1311875595.8416131 188 -2.89361 -0.311711 1.87396 -0.0352504 0.0780782 0.000860504 0.996323
1311875595.9416101 189 -2.9401 -0.302016 1.8839 -0.0322728 0.0655898 -0.00179421 0.997323
1311875596.042079 190 -2.98309 -0.297131 1.8957 -0.0321353 0.0540136 -0.000577057 0.998023
1311875573.4381499 20 0.719697 -0.253065 -0.204514 0.0460719 0.426381 0.0227127 0.903084
1311875572.4380629 2 0.0392542 -0.0675112 -0.022494 -1.83729e-05 -0.00645624 -0.00857167 0.999942
1311875580.037972 44 0.621148 -0.498405 0.107294 0.0250331 0.41629 0.046624 0.907691
1311875572.5379829 4 0.0581071 -0.0893235 -0.0297517 0.0279402 0.0164945 -0.0353491 0.998848
1311875572.4701419 3 0.0520624 -0.0808566 -0.0286463 0.0112025 -0.00115703 -0.0185156 0.999765
1311875573.506114 21 0.733539 -0.280624 -0.211773 0.0515839 0.436069 0.0348119 0.897759
1311875572.7380409 8 0.141663 -0.0903277 -0.0954464 0.0304449 0.0870993 -0.0397956 0.994939
1311875572.8700969 11 0.39226 -0.137595 -0.11366 -0.00662691 0.134088 0.00259125 0.990944
1311875573.1061151 15 0.541026 -0.1697 -0.139757 0.00744158 0.304452 0.00217683 0.952496
1311875572.9700711 13 0.482334 -0.130728 -0.154581 0.00205854 0.207109 0.000384854 0.978316
1311875572.806149 9 0.174908 -0.0769095 -0.0988976 0.00622523 0.109839 -0.0110922 0.993868
1311875586.6058791 89 -1.09042 -0.393178 1.02466 -0.136838 -0.0925283 -0.0560547 0.984668
1311875586.641927 90 -1.10043 -0.390542 1.02925 -0.136567 -0.095552 -0.0585172 0.984274
1311875586.673815 91 -1.10829 -0.382291 1.03128 -0.137009 -0.09801 -0.0602634 0.983865
1311875586.705775 92 -1.11904 -0.384412 1.03873 -0.139841 -0.100283 -0.0620365 0.983127
1311875586.7416611 93 -1.12957 -0.382149 1.04172 -0.14122 -0.102889 -0.0640129 0.982534
1311875586.7738249 94 -1.1335 -0.375373 1.04633 -0.142787 -0.106528 -0.066214 0.981774
1311875586.805757 95 -1.14309 -0.377451 1.05061 -0.145976 -0.108185 -0.0683675 0.980976
1311875586.373904 82 -1.02143 -0.390495 0.983981 -0.130814 -0.0663909 -0.0457966 0.988121
1311875583.7377939 62 -0.225946 -0.518698 0.672869 0.0989623 0.118985 0.0183977 0.987781
1311875583.9377601 63 -0.216075 -0.529459 0.688623 0.0954822 0.103324 0.0104295 0.989999
1311875584.105901 64 -0.207146 -0.540153 0.705531 0.0996015 0.0858429 -0.00101227 0.991317
1311875584.273809 65 -0.197518 -0.553242 0.721467 0.0796375 0.058411 0.000247437 0.995111
1311875584.437763 66 -0.188573 -0.566421 0.732304 0.0594443 0.0347743 -0.00579605 0.997609
1311875585.3058529 72 -0.698046 -0.444881 0.830922 -0.0394948 0.0223028 -0.0283023 0.99857
1311875585.0057039 70 -0.570582 -0.483338 0.805764 -0.00861827 0.0382386 -0.0193512 0.999044
1311875589.7736101 121 -1.93995 -0.372796 1.24137 -0.00712052 -0.402392 -0.0201132 0.915219
1311875590.041775 122 -1.98215 -0.346501 1.24727 -0.00756658 -0.436821 -0.0229881 0.899223
1311875590.3056619 123 -2.04493 -0.35432 1.27178 -0.00601128 -0.443321 -0.0311925 0.8958
1311875585.4737921 73 -0.764566 -0.424388 0.84226 -0.0563852 0.00890671 -0.0366791 0.997695
1311875585.6058681 74 -0.797872 -0.4154 0.861048 -0.0709021 -0.00366811 -0.0414936 0.996613
1311875585.741823 75 -0.831536 -0.409966 0.878822 -0.0859516 -0.0110666 -0.0458514 0.995182
1311875585.8739851 76 -0.868687 -0.398948 0.899647 -0.094056 -0.0171796 -0.0474406 0.994288
1311875586.005852 77 -0.903294 -0.399901 0.919735 -0.103566 -0.0278788 -0.0492518 0.993011
1311875586.4059601 83 -1.03232 -0.390479 0.988246 -0.131583 -0.0702433 -0.0467565 0.987707
1311875586.0737619 78 -0.920002 -0.392758 0.935603 -0.106846 -0.0327479 -0.0489067 0.992532
1311875572.9059639 12 0.423171 -0.157897 -0.116939 -0.00432874 0.159191 0.00273405 0.987235
1311875573.6060669 22 0.767136 -0.315018 -0.219944 0.0603719 0.447905 0.0440573 0.890952
1311875603.809499 219 -4.80663 -0.440487 2.62133 -0.00847735 -0.345272 0.00429893 0.938455
1311875604.37749 221 -4.9035 -0.495743 2.69402 0.0110386 -0.428794 0.0030018 0.90333
1311875573.670125 23 0.793173 -0.335493 -0.225724 0.0643292 0.46231 0.0409951 0.883431
1311875573.2380769 17 0.646399 -0.184733 -0.205316 0.0322404 0.359703 -0.00375108 0.932502
1311875601.042803 203 -4.19142 -0.184951 2.67867 -0.231038 0.159001 0.037144 0.959146
1311875579.5379231 42 0.656077 -0.502753 0.0116464 0.0606476 0.444133 0.0393989 0.893037
1311875606.477438 231 -5.05444 -0.540283 3.04042 0.0831394 -0.283994 0.00232935 0.955212
1311875604.0773571 220 -4.84133 -0.445492 2.65187 0.000199394 -0.388156 0.00361757 0.921587
1311875601.911804 206 -4.48679 -0.178652 2.79435 -0.179151 0.0321992 -0.0105632 0.983238
1311875601.641449 205 -4.40436 -0.179176 2.7449 -0.194484 0.0864047 0.00515325 0.977079
1311875604.5415781 222 -4.91714 -0.488913 2.74799 0.0302702 -0.452972 0.00576304 0.890992
1311875602.109576 210 -4.55821 -0.19682 2.82278 -0.178967 -0.0360015 0.0102625 0.983142
1311875602.04146 208 -4.54862 -0.184431 2.80103 -0.175772 -0.0099372 -0.000414768 0.984381
1311875607.141587 233 -5.12489 -0.506365 3.191 0.0439071 -0.154725 -0.0320111 0.986462
1311875602.2415221 214 -4.57695 -0.207223 2.85515 -0.158354 -0.0624924 0.00658272 0.985381
1311875607.509423 234 -5.1659 -0.49976 3.24692 0.0152164 -0.0922094 -0.0361103 0.994968
1311875597.3422911 195 -3.3266 -0.269941 2.09945 -0.0602045 -0.0187919 -0.00878492 0.997971
1311875612.509269 254 -5.78842 -0.621425 4.19491 0.248353 0.496036 -0.00846072 0.831984
1311875615.077311 275 -5.50646 -0.642164 4.895 0.0850804 0.559577 0.0706141 0.82137
1311875710.423444 1165 -5.97389 0.406567 -2.00288 0.0415356 0.888743 0.193456 -0.413503
1311875614.509264 260 -5.58483 -0.659833 4.72441 0.137621 0.534178 0.038704 0.833197
1311875614.209305 257 -5.64297 -0.678056 4.65446 0.170153 0.516863 0.029233 0.838479
1311875614.9772301 272 -5.51991 -0.649864 4.86708 0.0957781 0.558528 0.0673325 0.821182
1311875615.2774351 277 -5.4815 -0.633871 4.9446 0.058571 0.560068 0.0742453 0.823031
1311875604.841553 224 -4.9339 -0.490627 2.80773 0.0656241 -0.472215 0.0173475 0.878866
1311875580.7059851 47 0.489913 -0.477454 0.203039 -0.00348579 0.361636 0.0500076 0.930971
1311875580.937824 48 0.430704 -0.471027 0.225387 -0.0131359 0.338392 0.0464105 0.939768
1311875581.2058921 49 0.354919 -0.477357 0.257523 -0.0208484 0.300477 0.0519246 0.952147
1311875581.4061301 50 0.315744 -0.477411 0.273109 -0.0250586 0.286019 0.0443207 0.95687
1311875581.637917 51 0.2495 -0.479252 0.308381 -0.0311394 0.253884 0.0414276 0.965845
1311875582.0381131 53 0.12723 -0.473939 0.361778 -0.0250935 0.194522 0.0320264 0.980054
1311875582.6059151 56 0.0107743 -0.483054 0.436836 0.00334769 0.135374 0.0364705 0.990117
1311875582.2379761 54 0.075893 -0.462025 0.384942 -0.0235464 0.17168 0.0375697 0.984154
1311875582.4378071 55 0.0460599 -0.480948 0.413558 -0.0139559 0.151714 0.0407389 0.987486
1311875582.805845 57 -0.0430694 -0.483321 0.472489 0.0207822 0.124928 0.0291973 0.991518
1311875602.512753 215 -4.64125 -0.244638 2.89108 -0.123932 -0.0993389 0.00445263 0.987296
1311875602.009362 207 -4.53488 -0.182386 2.80308 -0.174074 0.00496646 -0.00692534 0.984696
1311875604.6774659 223 -4.9238 -0.485234 2.78473 0.0429696 -0.463866 0.00726757 0.884833
1311875601.341907 204 -4.31467 -0.175975 2.70493 -0.212792 0.118008 0.0291138 0.969508
1311875602.1415751 211 -4.56343 -0.197921 2.83205 -0.175002 -0.0447561 0.0115203 0.983483
1311875602.0734529 209 -4.54724 -0.183734 2.81588 -0.17889 -0.0246896 0.00510394 0.983546
1311875602.2109079 213 -4.57484 -0.206105 2.85224 -0.164808 -0.0580749 0.00738999 0.984587
1311875602.1737001 212 -4.56815 -0.202434 2.84072 -0.170496 -0.0525072 0.0097391 0.98391
1311875606.741472 232 -5.08555 -0.538584 3.09645 0.0728636 -0.230904 -0.0198496 0.970041
1311875572.4061611 1 0.00030527 -0.000172218 -0.00198064 0.000133973 -0.00172004 9.53586e-05 0.999999
1311875591.7417619 127 -2.25871 -0.401871 1.33587 0.0891549 -0.343848 -0.0265309 0.934407
1311875594.9737761 169 -2.68037 -0.365325 1.76077 0.0479939 0.110966 0.00577711 0.992648
1311875591.1736791 125 -2.2331 -0.322652 1.3354 0.0122922 -0.400441 -0.0683367 0.913688
1311875594.3096721 149 -2.60851 -0.373225 1.66252 0.0524294 0.00948892 -0.025084 0.998264
1311875593.7057869 136 -2.46089 -0.407613 1.56104 0.100562 -0.0616393 -0.0141012 0.992919
1311875590.6056759 124 -2.13843 -0.337509 1.29638 -0.0121493 -0.447222 -0.0518504 0.892836
1311875588.4737811 109 -1.71789 -0.329229 1.14593 -0.108496 -0.251134 -0.0557484 0.960236
1311875588.2418089 104 -1.65578 -0.333921 1.13244 -0.12279 -0.220482 -0.0537552 0.966137
1311875588.541846 111 -1.73133 -0.331328 1.15306 -0.104991 -0.259221 -0.0546602 0.958537
1311875588.5057011 110 -1.72536 -0.328142 1.14679 -0.105792 -0.255131 -0.0552909 0.95951
1311875588.1417251 103 -1.62386 -0.331425 1.12382 -0.12967 -0.203008 -0.0553969 0.968971
1311875588.573756 112 -1.74209 -0.330708 1.15739 -0.102011 -0.263189 -0.0550846 0.957753
1311875588.3417799 106 -1.6848 -0.326728 1.13336 -0.115453 -0.234876 -0.0552401 0.963562
1311875587.7057681 99 -1.43712 -0.342526 1.11996 -0.154711 -0.127396 -0.0486234 0.978504
1311875588.405695 108 -1.69962 -0.32446 1.13958 -0.11079 -0.243987 -0.0563445 0.96178
1311875588.305685 105 -1.67258 -0.327706 1.1333 -0.117621 -0.230349 -0.0541226 0.964456
1311875587.9417839 101 -1.55159 -0.326629 1.10988 -0.140255 -0.164479 -0.0496929 0.975093
1311875588.041631 102 -1.59181 -0.327048 1.11763 -0.13915 -0.18349 -0.0540941 0.971619
1311875592.105814 129 -2.29112 -0.414779 1.35621 0.153246 -0.31837 0.0102242 0.935442
1311875573.370172 19 0.687675 -0.232938 -0.209317 0.0397354 0.40715 0.0142821 0.912385
1311875595.341614 180 -2.72863 -0.334275 1.79781 0.0139985 0.141392 -0.0165405 0.989717
1311875592.4058461 130 -2.30117 -0.414193 1.3651 0.18306 -0.298884 0.0130329 0.936476
1311875595.4417689 183 -2.76453 -0.323092 1.80856 -0.0014765 0.131438 -0.0121426 0.991249
1311875595.37362 181 -2.73644 -0.344661 1.80682 0.00952119 0.139273 -0.0163654 0.990073
1311875593.941602 138 -2.53641 -0.382387 1.59984 0.0725845 -0.0222389 -0.0120423 0.997042
1311875595.241797 177 -2.70495 -0.353612 1.78336 0.0215555 0.140906 -0.0108292 0.989729
1311875595.4736371 184 -2.77532 -0.322146 1.81833 -0.00808529 0.125585 -0.00790714 0.992018
1311875594.1737771 145 -2.58233 -0.378176 1.64623 0.0543306 -0.000358741 -0.0227735 0.998263
1311875596.409548 192 -3.10221 -0.284129 1.92009 -0.045087 0.0205132 0.0015516 0.998771
1311875593.105767 132 -2.32571 -0.447008 1.47968 0.159502 -0.179166 -0.000735176 0.970803
1311875594.941612 168 -2.68064 -0.369331 1.75923 0.048636 0.106556 0.00739867 0.993089
1311875615.6453061 279 -5.39007 -0.656518 5.01074 0.0534125 0.56682 0.0690738 0.819201
1311875615.7093401 280 -5.3729 -0.666046 5.02158 0.0630651 0.56784 0.0635277 0.818257
1311875615.8093331 281 -5.35021 -0.682854 5.03591 0.0781944 0.56933 0.0530111 0.816663
1311875616.0093441 284 -5.30548 -0.715919 5.06522 0.0991725 0.566984 0.0346385 0.817003
1311875616.1092031 285 -5.28671 -0.730548 5.07668 0.108667 0.566062 0.0256424 0.816766
1311875616.145273 286 -5.28656 -0.727188 5.08308 0.111015 0.566785 0.0225343 0.816041
1311875616.2091949 288 -5.27205 -0.733169 5.08918 0.115563 0.567503 0.0205225 0.814963
1311875616.245291 289 -5.26904 -0.736321 5.0939 0.118269 0.567238 0.0208696 0.81475
1311875616.445209 294 -5.23661 -0.750082 5.12228 0.134359 0.57101 0.0135126 0.809761
1311875616.47735 295 -5.23294 -0.755288 5.12803 0.13619 0.572124 0.0140692 0.808658
1311875616.5094221 296 -5.2259 -0.759064 5.13251 0.139391 0.572645 0.0133221 0.807757
1311875616.5450921 297 -5.22131 -0.759045 5.13857 0.142025 0.573883 0.0106802 0.806457
1311875616.645129 299 -5.21243 -0.76878 5.16215 0.152615 0.574776 0.00476292 0.803939
1311875616.6771181 300 -5.20856 -0.773169 5.16731 0.15583 0.574851 0.00298818 0.803277
1311875616.7091949 301 -5.20535 -0.77475 5.17176 0.159623 0.575297 0.00312261 0.802212
1311875616.745142 302 -5.20706 -0.777075 5.18463 0.162244 0.575974 0.00304955 0.8012
1311875616.7772009 303 -5.20637 -0.786961 5.1904 0.16531 0.57523 0.00275696 0.801109
1311875616.8453431 305 -5.20208 -0.787926 5.21106 0.170792 0.574708 -0.000561504 0.800338
1311875616.8770499 306 -5.19928 -0.794945 5.22118 0.17429 0.573287 -0.000869392 0.800602
1311875616.945173 307 -5.19642 -0.803255 5.23928 0.178019 0.570759 -0.00203741 0.801586
1311875617.0090971 308 -5.19928 -0.807931 5.26041 0.181901 0.567751 -0.00849155 0.802807
1311875617.045228 309 -5.20166 -0.815351 5.26939 0.182794 0.565349 -0.00947234 0.804287
1311875617.7451971 313 -5.20385 -0.855458 5.45305 0.198924 0.482129 -0.0210764 0.852958
1311875617.9771841 314 -5.20296 -0.885681 5.49291 0.20034 0.446055 -0.0239867 0.871965
1311875618.245153 315 -5.19391 -0.903537 5.54404 0.199144 0.406633 -0.0270986 0.891211
1311875618.5451629 316 -5.21991 -0.925536 5.61436 0.175167 0.365087 -0.0216658 0.914089
1311875619.2091601 317 -5.34236 -0.992186 5.7622 0.143294 0.28929 0.00566473 0.946439
1311875619.409127 318 -5.37388 -1.03997 5.80439 0.126547 0.268112 0.00771201 0.955009
1311875619.5091541 319 -5.40067 -1.04269 5.82701 0.115791 0.253165 0.0118524 0.960396
1311875619.545393 320 -5.3986 -1.0517 5.83203 0.114763 0.247394 0.012132 0.962018
1311875619.645139 322 -5.41634 -1.07492 5.84807 0.0998878 0.238396 0.0147311 0.965905
1311875619.7092681 323 -5.42901 -1.05711 5.85219 0.0913201 0.234437 0.0132365 0.967742
1311875619.7770381 325 -5.42316 -1.0881 5.86668 0.0880778 0.233802 0.0111894 0.968222
1311875619.8092971 326 -5.42871 -1.08739 5.86761 0.0850273 0.235045 0.010012 0.968207
1311875619.9090409 327 -5.44299 -1.10986 5.88279 0.0812558 0.23677 0.00889669 0.968121
1311875620.0452051 330 -5.4666 -1.13066 5.89998 0.0718433 0.227205 0.0156548 0.971067
1311875620.109338 332 -5.4751 -1.1459 5.91011 0.0657899 0.219118 0.0176215 0.973318
1311875620.1770711 334 -5.48006 -1.15763 5.91662 0.0642142 0.215095 0.017116 0.974329
1311875620.2450621 336 -5.48547 -1.16985 5.92514 0.0663999 0.21544 0.0137167 0.97416
1311875620.277144 337 -5.49409 -1.17466 5.92477 0.0656417 0.216262 0.0127558 0.974043
1311875620.3091011 338 -5.49862 -1.18149 5.93127 0.0650528 0.215933 0.013699 0.974142
1311875620.809191 353 -5.54814 -1.25415 5.99155 0.0583934 0.216385 -0.0024884 0.974557
1311875621.645118 378 -5.59738 -1.40721 6.11308 -0.00266347 0.204903 0.0151321 0.978662
1311875621.7131729 380 -5.61387 -1.41014 6.12463 -0.00903576 0.206855 0.0167414 0.978187
1311875621.8451481 384 -5.62354 -1.42824 6.1383 -0.015239 0.206109 0.0250443 0.97809
1311875621.877053 385 -5.62919 -1.43191 6.13912 -0.0170834 0.206483 0.0264464 0.977944
1311875621.945122 387 -5.64389 -1.43752 6.14699 -0.0214134 0.204062 0.0285871 0.978306
1311875621.976999 388 -5.64927 -1.43851 6.14835 -0.0237632 0.20219 0.0317554 0.978543
1311875622.07706 391 -5.66207 -1.44779 6.16189 -0.0303335 0.194556 0.0434429 0.979459
1311875622.113096 392 -5.6684 -1.45112 6.16415 -0.0317326 0.192315 0.0473865 0.979675
1311875622.277241 397 -5.68786 -1.4603 6.1771 -0.039896 0.193256 0.0561115 0.97873
1311875622.7131889 409 -5.79441 -1.46613 6.22297 -0.0526278 0.193774 0.0508301 0.978314
1311875622.8772061 412 -5.84212 -1.46138 6.23051 -0.0552101 0.197899 0.0430101 0.977721
1311875622.945169 414 -5.8525 -1.46943 6.24152 -0.0587709 0.198235 0.039894 0.977577
1311875623.645087 430 -6.00984 -1.48231 6.31944 -0.0552894 0.148952 0.0289513 0.986873
1311875623.6771581 431 -6.02105 -1.48163 6.32507 -0.0597906 0.138539 0.0314495 0.98805
1311875623.7132089 432 -6.0098 -1.48594 6.34054 -0.0639783 0.12716 0.0336076 0.989246
1311875623.777246 434 -6.03193 -1.48432 6.35102 -0.0660281 0.109506 0.0316322 0.991286
1311875624.1450591 445 -6.05795 -1.48853 6.4544 -0.075785 0.0504387 0.0325703 0.995315
1311875624.2452371 448 -6.08242 -1.49255 6.46645 -0.0782763 0.0442006 0.0298743 0.995503
1311875624.277142 449 -6.08174 -1.49609 6.47576 -0.0797555 0.0405226 0.0299127 0.995541
1311875624.377167 451 -6.11162 -1.48837 6.4887 -0.0844785 0.0309472 0.0270133 0.995578
1311875624.413208 452 -6.10404 -1.4822 6.5058 -0.0889684 0.026648 0.0267228 0.995319
1311875624.545095 453 -6.14248 -1.47642 6.52275 -0.0987164 0.022427 0.0178014 0.994704
1311875624.677207 454 -6.1676 -1.47257 6.55298 -0.117435 -0.00203688 0.0150555 0.992964
1311875625.077213 456 -6.23336 -1.46911 6.63035 -0.128965 -0.0221182 0.011588 0.991335
1311875625.2771089 457 -6.25945 -1.4851 6.65979 -0.123335 -0.025874 0.0181892 0.991861
1311875625.545434 458 -6.33423 -1.48818 6.68561 -0.106017 -0.0344378 0.02445 0.993467
1311875625.9769659 460 -6.45894 -1.45745 6.7499 -0.106794 -0.133689 0.000306663 0.985252
1311875626.2451401 461 -6.54053 -1.44152 6.80933 -0.103562 -0.190073 -0.0180386 0.976126
1311875626.9449461 464 -6.64356 -1.3826 6.95819 -0.0753646 -0.333801 -0.0428134 0.93865
1311875627.1130569 465 -6.66101 -1.39356 6.99582 -0.0816762 -0.359537 -0.0530006 0.928037
1311875627.3449531 466 -6.73474 -1.39005 7.03726 -0.0714457 -0.373601 -0.0602547 0.922869
1311875627.713084 467 -6.83568 -1.39488 7.10404 -0.057078 -0.367715 -0.0716511 0.925415
1311875628.0133801 468 -6.87925 -1.37595 7.14822 -0.0337885 -0.348568 -0.0603764 0.934726
1311875628.876981 470 -6.99822 -1.37939 7.40073 -0.0239561 -0.256457 -0.0426179 0.965318
1311875629.2130859 476 -7.03748 -1.39238 7.48467 0.00739508 -0.233933 -0.0364359 0.971542
1311875629.3130159 477 -7.05403 -1.37211 7.50837 0.0128871 -0.24181 -0.0272614 0.969855
1311875629.545119 481 -7.08766 -1.3796 7.56919 0.0346849 -0.260348 -0.00510729 0.964878
1311875629.6768739 485 -7.06905 -1.38023 7.5992 0.0480848 -0.258645 -0.00181495 0.964773
1311875629.977016 492 -7.16032 -1.35387 7.68345 0.0826684 -0.261534 0.0161496 0.961512
1311875630.0770421 495 -7.15807 -1.37973 7.70326 0.0877176 -0.265433 0.0170234 0.95998
1311875630.277683 499 -7.17147 -1.39948 7.74902 0.106964 -0.248652 0.00489417 0.962656
1311875630.345053 501 -7.24192 -1.42382 7.78131 0.117968 -0.229995 -0.0061771 0.965996
1311875630.377039 502 -7.20191 -1.4113 7.77906 0.128465 -0.226952 -0.00628358 0.965375
1311875630.4162331 503 -7.19923 -1.39663 7.78671 0.130689 -0.222458 -0.0047531 0.966132
1311875630.4449589 504 -7.2354 -1.41758 7.80758 0.135616 -0.21652 -0.00403298 0.966805
1311875630.477015 505 -7.19851 -1.40507 7.80373 0.139754 -0.215562 -0.000853141 0.966437
1311875630.545121 506 -7.2245 -1.43645 7.83132 0.149072 -0.204735 -0.00395005 0.967391
1311875630.713093 507 -7.20526 -1.41794 7.8879 0.182362 -0.169778 -0.0155432 0.968338
1311875630.8450329 508 -7.17766 -1.42488 7.92709 0.190086 -0.1437 -0.0303773 0.970719
1311875631.0131831 509 -7.15104 -1.44496 7.9916 0.197298 -0.111743 -0.0423119 0.973035
1311875631.245008 510 -7.11607 -1.4677 8.06977 0.19437 -0.0629849 -0.0446519 0.977885
1311875631.5810919 511 -7.1046 -1.46042 8.17061 0.186269 0.0158747 -0.051104 0.98104
1311875631.8128979 512 -7.08444 -1.41122 8.24619 0.191647 0.110785 -0.0459452 0.974108
1311875632.112941 513 -7.06521 -1.41243 8.31283 0.205742 0.232688 -0.0263271 0.950176
1311875632.4129429 514 -7.04246 -1.42273 8.40167 0.200086 0.301867 -0.0215787 0.931867
1311875632.7809761 515 -7.04874 -1.51319 8.56989 0.190152 0.374171 -0.0256731 0.907292
1311875633.113127 516 -7.01706 -1.51669 8.61075 0.196085 0.416687 -0.00342448 0.887643
1311875633.4809029 517 -6.92385 -1.50099 8.614 0.164062 0.472004 0.00755037 0.866163
1311875633.880991 518 -6.93152 -1.47382 8.67604 0.154417 0.55884 0.0344035 0.814045
1311875634.44484 525 -6.93556 -1.39803 8.7418 0.0887533 0.612193 0.058367 0.783541
1311875634.480906 526 -6.93137 -1.38991 8.74849 0.0859867 0.612851 0.060998 0.783134
1311875634.5461271 528 -6.92929 -1.3883 8.75195 0.078663 0.615233 0.0642363 0.781776
1311875634.713939 533 -6.93148 -1.35965 8.76587 0.0631334 0.614339 0.0720974 0.783201
1311875634.9824131 540 -6.92983 -1.31374 8.78168 0.0301011 0.613101 0.0897292 0.784315
1311875635.0127289 541 -6.93267 -1.31387 8.78072 0.0240712 0.612379 0.0929799 0.784708
1311875635.1141469 544 -6.92709 -1.29532 8.78645 0.0119604 0.609874 0.0984158 0.786273
1311875635.146641 545 -6.92918 -1.29618 8.78917 0.00632454 0.608752 0.101687 0.786792
1311875635.2145419 546 -6.92874 -1.28704 8.79305 -0.0018227 0.604414 0.10509 0.789707
1311875635.282491 547 -6.92075 -1.28346 8.80332 -0.0114083 0.600115 0.107571 0.792566
1311875635.413105 549 -6.92844 -1.28026 8.81645 -0.0265163 0.582893 0.11428 0.804035
1311875635.481437 550 -6.93694 -1.27426 8.82598 -0.0312539 0.573823 0.11079 0.810849
1311875635.6448331 551 -6.93633 -1.27594 8.84687 -0.0327148 0.548037 0.105434 0.829137
1311875635.681762 552 -6.93935 -1.28242 8.85141 -0.030256 0.543642 0.104164 0.832279
1311875635.781867 553 -6.9428 -1.29009 8.86237 -0.0233467 0.527397 0.100169 0.843371
1311875635.81409 554 -6.94202 -1.29035 8.86544 -0.01835 0.522546 0.0961094 0.846978
1311875635.8484941 555 -6.94 -1.29224 8.868 -0.0122806 0.517466 0.092066 0.850648
1311875635.914835 556 -6.94185 -1.30022 8.87681 -0.00233992 0.509663 0.0842971 0.856232
1311875635.9455931 557 -6.94516 -1.30669 8.87785 0.00699015 0.504823 0.0786497 0.859604
1311875636.045979 560 -6.96503 -1.31601 8.8853 0.0287507 0.488864 0.0666997 0.869331
1311875636.0831261 561 -6.96531 -1.31807 8.88955 0.0367915 0.480408 0.0635203 0.873968
1311875636.113126 562 -6.96103 -1.32461 8.88932 0.0449057 0.472544 0.0607738 0.878062
1311875636.14519 563 -6.96582 -1.32876 8.89021 0.053958 0.466147 0.0545405 0.881374
1311875636.1825061 564 -6.95891 -1.33621 8.8896 0.0644747 0.459381 0.0499717 0.884486
1311875636.213954 565 -6.96551 -1.33948 8.89114 0.0750445 0.452161 0.045036 0.887632
1311875636.2449269 566 -6.97328 -1.34356 8.89061 0.0832501 0.444011 0.042598 0.891128
1311875637.081125 568 -7.08854 -1.44074 8.85148 0.193609 0.210186 0.0213259 0.958062
1311875637.4808481 569 -7.13212 -1.43175 8.79826 0.199371 0.107724 0.00852419 0.973948
1311875637.745033 570 -7.14592 -1.42635 8.77814 0.187563 0.0563516 -0.0098462 0.980585
1311875639.64517 576 -7.14769 -1.26139 8.85746 0.0612572 -0.0234398 -0.0918401 0.993611
1311875639.7808321 577 -7.13605 -1.23045 8.90068 0.0499748 -0.0618328 -0.0862062 0.9931
1311875639.8128951 578 -7.14062 -1.23551 8.90736 0.0453809 -0.0751556 -0.08576 0.99244
1311875639.8448379 579 -7.13834 -1.22851 8.91494 0.039062 -0.089811 -0.07855 0.992088
1311875639.8808341 580 -7.15394 -1.22757 8.93342 0.0356525 -0.106412 -0.0797787 0.990475
1311875640.0808239 584 -7.14556 -1.22106 8.9803 0.0227831 -0.169882 -0.0890145 0.981172
1311875640.1128371 585 -7.14542 -1.22093 8.98815 0.0184573 -0.183595 -0.0878619 0.978893
1311875640.1488841 586 -7.14244 -1.22778 8.99073 0.0129372 -0.193719 -0.088113 0.977006
1311875640.248821 587 -7.14632 -1.2378 9.01797 0.0100811 -0.21325 -0.0915244 0.972649
1311875640.5808091 588 -7.08319 -1.20159 9.09334 -0.0140308 -0.279445 -0.0831165 0.956454
1311875641.248822 590 -6.95352 -1.22009 9.22132 -0.0676369 -0.413248 -0.0514347 0.906646
1311875641.7128119 591 -6.90245 -1.22574 9.33642 -0.048635 -0.466403 -0.0695026 0.880495
1311875642.0487621 592 -6.85991 -1.26022 9.44756 -0.0504038 -0.495662 -0.0818873 0.863176
1311875642.3130219 593 -6.82184 -1.27054 9.53211 -0.0645356 -0.516377 -0.0830603 0.849877
1311875642.580786 594 -6.78159 -1.30521 9.60241 -0.0613785 -0.550055 -0.104696 0.826263
1311875642.880785 595 -6.73277 -1.37064 9.65386 -0.0760737 -0.575961 -0.131736 0.803199
1311875643.180685 596 -6.71432 -1.44706 9.69707 -0.0925038 -0.61152 -0.142092 0.77285
1311875643.480731 597 -6.73121 -1.51478 9.76546 -0.0818895 -0.655511 -0.128271 0.739693
1311875643.648788 598 -6.75635 -1.58114 9.81194 -0.0523397 -0.668112 -0.115756 0.733136
1311875643.8487899 599 -6.75642 -1.65655 9.84744 0.000633489 -0.685078 -0.0569686 0.726239
1311875643.9807889 600 -6.74143 -1.66163 9.89083 0.0235468 -0.701027 -0.0131624 0.712625
1311875644.0488181 601 -6.7368 -1.66852 9.90398 0.0356139 -0.7046 0.00140632 0.708709
1311875644.112587 602 -6.72076 -1.67393 9.91345 0.0427976 -0.707695 0.0158774 0.705042
1311875644.2807939 606 -6.70907 -1.68116 9.95319 0.0613233 -0.7174 0.0283906 0.693376
1311875644.312829 607 -6.70699 -1.68575 9.95798 0.0618768 -0.719192 0.0286782 0.691456
1311875644.3487101 608 -6.71074 -1.70085 9.9643 0.0647914 -0.721888 0.0273308 0.688428
1311875644.4488201 611 -6.69992 -1.70955 9.98395 0.072313 -0.730555 0.0296682 0.678365
1311875644.4806671 612 -6.70333 -1.71053 9.99547 0.0764922 -0.733738 0.0305287 0.674422
1311875644.5127051 613 -6.69149 -1.71014 9.99949 0.077839 -0.736611 0.0317094 0.671074
1311875644.548681 614 -6.6884 -1.71605 10.0036 0.0746032 -0.741337 0.0319621 0.666207
1311875644.5806701 615 -6.69351 -1.73457 10.0128 0.074013 -0.746215 0.0325756 0.660776
1311875644.648726 617 -6.68907 -1.73588 10.0385 0.0844423 -0.749379 0.0323508 0.655938
1311875644.7487071 619 -6.66188 -1.7332 10.067 0.0866171 -0.751854 0.0324492 0.65281
1311875645.0127051 626 -6.63381 -1.72613 10.1343 0.0546506 -0.750938 -0.0163228 0.657905
1311875645.0488141 627 -6.62397 -1.72192 10.1366 0.0447123 -0.751277 -0.022822 0.658075
1311875645.080713 628 -6.62406 -1.72533 10.1419 0.0304743 -0.752601 -0.0296266 0.657104
1311875645.112607 629 -6.62692 -1.73154 10.1482 0.0178379 -0.754163 -0.0349087 0.655516
1311875645.24863 630 -6.65273 -1.74192 10.1748 0.00262206 -0.758866 -0.0516232 0.649193
1311875645.680712 631 -6.66392 -1.65883 10.1996 -0.0425139 -0.755962 -0.116733 0.642718
1311875646.012629 632 -6.67463 -1.61696 10.1762 -0.0754018 -0.754088 -0.153987 0.633999
1311875646.348681 633 -6.74134 -1.56722 10.1496 -0.122507 -0.75562 -0.207786 0.608979
1311875646.714576 634 -6.80322 -1.50152 10.1106 -0.167538 -0.773682 -0.248661 0.558135
1311875647.212765 635 -6.92324 -1.44451 10.0508 -0.186974 -0.786429 -0.284134 0.515595
1311875648.0126951 636 -7.12942 -1.42048 9.88173 -0.15666 -0.799374 -0.259392 0.51882
1311875648.2486689 637 -7.17523 -1.41183 9.80855 -0.123754 -0.817479 -0.217378 0.518806
1311875648.5486691 638 -7.18646 -1.42184 9.6709 -0.110651 -0.828034 -0.178003 0.520031
1311875648.8488441 639 -7.19267 -1.41417 9.54783 -0.0909809 -0.834893 -0.163973 0.517484
1311875649.0487289 640 -7.21947 -1.41205 9.48353 -0.079772 -0.838445 -0.150558 0.517666
1311875649.1485059 641 -7.23853 -1.40126 9.45404 -0.0683086 -0.836916 -0.148139 0.522456
1311875649.3806739 642 -7.28581 -1.40498 9.38229 -0.0520299 -0.828632 -0.132525 0.541387
1311875649.580658 643 -7.33465 -1.40258 9.32879 -0.0441713 -0.822372 -0.112869 0.555891
1311875649.7165451 644 -7.37593 -1.40393 9.29982 -0.0178566 -0.814679 -0.0940938 0.571949
1311875649.8489251 645 -7.37675 -1.41861 9.25434 0.000968488 -0.804653 -0.0740206 0.589113
1311875650.1166279 646 -7.4355 -1.42797 9.19233 0.0453622 -0.793065 -0.0529881 0.60513
1311875650.1805279 647 -7.44809 -1.42967 9.17926 0.0632836 -0.788127 -0.0381357 0.611062
1311875650.2806799 648 -7.44874 -1.42909 9.13932 0.0967507 -0.775088 -0.0068854 0.624364
1311875650.3165319 649 -7.45081 -1.4341 9.12806 0.104012 -0.770357 0.00202581 0.629068
1311875650.4486101 650 -7.42548 -1.43588 9.0542 0.113995 -0.753686 0.0292591 0.646611
1311875650.6165681 651 -7.44232 -1.46135 8.99018 0.104203 -0.749321 0.0484401 0.65216
1311875650.8165741 652 -7.45322 -1.45134 8.91068 0.120617 -0.738334 0.0776715 0.659001
1311875650.9805181 653 -7.45164 -1.42079 8.83459 0.131017 -0.730963 0.0843972 0.664383
1311875651.2804959 654 -7.50464 -1.42305 8.74183 0.172081 -0.709698 0.0745828 0.679083
1311875651.580575 655 -7.56977 -1.43565 8.64459 0.201564 -0.689492 0.0979878 0.688746
1311875651.7486391 656 -7.59181 -1.43446 8.57692 0.206718 -0.68178 0.118861 0.691604
1311875651.880584 657 -7.60532 -1.43288 8.51926 0.218135 -0.677724 0.130589 0.689966
1311875652.0165119 658 -7.62149 -1.43508 8.46664 0.229246 -0.678252 0.123707 0.687108
1311875652.180788 659 -7.6489 -1.422 8.40122 0.246142 -0.674616 0.120444 0.68542
1311875652.4484539 662 -7.68261 -1.3929 8.3019 0.252688 -0.661016 0.133606 0.693798
1311875652.480634 663 -7.68787 -1.37347 8.285 0.246829 -0.659942 0.13673 0.696316
1311875652.548516 664 -7.6801 -1.37319 8.24225 0.227249 -0.664749 0.137392 0.698277
1311875652.5805769 665 -7.67936 -1.35893 8.22542 0.220813 -0.668242 0.139267 0.696634
1311875653.1164851 673 -7.75495 -1.28508 8.02883 0.137002 -0.681861 0.0887954 0.71303
1311875653.2805519 676 -7.78418 -1.27034 7.98091 0.140416 -0.674707 0.0750529 0.720709
1311875653.316571 677 -7.78435 -1.2615 7.96828 0.141355 -0.672877 0.0716012 0.722585
1311875653.4165959 679 -7.79656 -1.2465 7.93047 0.129164 -0.674513 0.0599013 0.724403
1311875653.448631 680 -7.80167 -1.23579 7.91545 0.124308 -0.675389 0.0570339 0.724668
1311875653.480603 681 -7.81034 -1.22008 7.90496 0.118187 -0.675357 0.0536829 0.725977
1311875653.516624 682 -7.82463 -1.23124 7.90342 0.110894 -0.675944 0.0521738 0.726691
1311875653.5805659 683 -7.82899 -1.22175 7.87839 0.106328 -0.676139 0.0540392 0.727056
1311875653.648689 684 -7.85247 -1.21195 7.86299 0.0954851 -0.67582 0.0557215 0.728728
1311875653.780663 685 -7.87889 -1.18664 7.82366 0.084608 -0.672298 0.0552852 0.733348
1311875654.1487451 686 -7.95038 -1.13657 7.73778 0.0657696 -0.662575 0.00251064 0.746098
1311875654.448487 687 -7.97969 -1.10191 7.64129 0.0472879 -0.644688 -0.0413847 0.761858
1311875654.7805779 688 -7.9937 -1.05447 7.54362 -0.00785326 -0.624399 -0.0519635 0.779336
1311875655.016521 689 -8.02537 -1.01417 7.45948 -0.0359721 -0.614159 -0.097763 0.782277
1311875655.28058 690 -8.06625 -0.962439 7.39352 -0.0421307 -0.61689 -0.125604 0.775819
1311875655.5486071 691 -8.08643 -0.939844 7.32546 -0.07427 -0.637602 -0.143143 0.753298
1311875655.7803969 692 -8.14767 -0.901628 7.23988 -0.144177 -0.649366 -0.154759 0.73047
1311875656.3485 693 -8.22648 -0.855448 7.09158 -0.114637 -0.676726 -0.169691 0.707181
1311875656.5805941 694 -8.25906 -0.844799 7.03123 -0.118012 -0.69678 -0.178813 0.684541
1311875656.7805541 695 -8.27333 -0.821409 6.97064 -0.118956 -0.707412 -0.181539 0.672653
1311875656.948483 696 -8.28454 -0.808952 6.92228 -0.11001 -0.716662 -0.172045 0.666854
1311875657.080343 697 -8.29709 -0.811243 6.8726 -0.105998 -0.724599 -0.162972 0.661181
1311875657.148375 698 -8.29448 -0.823716 6.85241 -0.104969 -0.732488 -0.155697 0.65437
1311875657.1805489 699 -8.29482 -0.827909 6.82721 -0.105224 -0.735743 -0.152568 0.651408
1311875657.2165439 700 -8.29055 -0.825862 6.81575 -0.104752 -0.740548 -0.147087 0.647288
1311875657.248364 701 -8.30278 -0.828542 6.81272 -0.104622 -0.746378 -0.143708 0.641344
1311875657.2804749 702 -8.29162 -0.825784 6.79807 -0.102511 -0.750602 -0.13972 0.637626
1311875657.31639 703 -8.29198 -0.816784 6.79714 -0.1008 -0.755039 -0.13624 0.633399
1311875657.3484211 704 -8.2995 -0.823089 6.79129 -0.100387 -0.75896 -0.135972 0.62882
1311875657.3804779 705 -8.29295 -0.821203 6.77173 -0.0960716 -0.76283 -0.134488 0.625119
1311875657.416543 706 -8.29163 -0.823561 6.75699 -0.0935361 -0.766199 -0.133869 0.621506
1311875657.4485641 707 -8.28201 -0.808724 6.75909 -0.0897653 -0.77114 -0.130187 0.616715
1311875657.4805801 708 -8.27961 -0.791956 6.75186 -0.0896023 -0.773173 -0.131568 0.613893
1311875657.516403 709 -8.29459 -0.798394 6.74381 -0.0906322 -0.774552 -0.134031 0.611466
1311875657.548465 710 -8.30455 -0.806934 6.74619 -0.0884949 -0.777844 -0.131904 0.608054
1311875657.5803521 711 -8.28329 -0.782972 6.735 -0.0843236 -0.779728 -0.131167 0.60639
1311875657.616436 712 -8.28341 -0.789231 6.72479 -0.0883086 -0.780052 -0.134271 0.604725
1311875657.6484289 713 -8.30237 -0.813335 6.71244 -0.0916205 -0.782716 -0.13554 0.600492
1311875657.6804781 714 -8.28317 -0.777328 6.72045 -0.088573 -0.787271 -0.133108 0.595518
1311875657.716583 715 -8.27963 -0.771361 6.70898 -0.0904545 -0.787355 -0.139142 0.593742
1311875657.748384 716 -8.29652 -0.815633 6.68583 -0.0929486 -0.787322 -0.142711 0.592552
1311875657.780488 717 -8.30098 -0.785799 6.68932 -0.0871022 -0.791696 -0.139262 0.588419
1311875657.816432 718 -8.28625 -0.78617 6.67375 -0.0857078 -0.792075 -0.142633 0.587305
1311875657.8484781 719 -8.31252 -0.797365 6.6766 -0.0890226 -0.794327 -0.142249 0.583854
1311875657.880502 720 -8.28944 -0.79021 6.66295 -0.0867375 -0.796701 -0.139705 0.581572
1311875657.916465 721 -8.28861 -0.778089 6.65077 -0.0877126 -0.798662 -0.140737 0.578479
1311875657.948379 722 -8.31803 -0.791829 6.64684 -0.0926913 -0.800421 -0.143061 0.574689
1311875658.016336 723 -8.30624 -0.762645 6.64019 -0.0892646 -0.805969 -0.140431 0.56809
1311875658.0484231 724 -8.30249 -0.773482 6.61644 -0.0919157 -0.80516 -0.143556 0.568032
1311875658.1163981 725 -8.32546 -0.760995 6.61336 -0.0915785 -0.811489 -0.139262 0.560094
1311875658.1484079 726 -8.32647 -0.760888 6.60232 -0.0953077 -0.811405 -0.140059 0.559395
1311875658.1804359 727 -8.34311 -0.771577 6.59796 -0.0994001 -0.812707 -0.138961 0.557061
1311875658.216475 728 -8.3432 -0.756352 6.59232 -0.0981729 -0.81458 -0.135563 0.555377
1311875658.2484519 729 -8.34537 -0.736022 6.5857 -0.098441 -0.814646 -0.134975 0.555377
1311875658.2844419 730 -8.37632 -0.762129 6.57682 -0.102696 -0.814111 -0.135899 0.555165
1311875658.3483019 732 -8.37281 -0.747634 6.56953 -0.0958952 -0.815305 -0.129887 0.556067
1311875658.4163051 733 -8.41667 -0.744827 6.57072 -0.096151 -0.81518 -0.12335 0.557693
1311875658.5483811 734 -8.45988 -0.727474 6.60808 -0.0567928 -0.811685 -0.106467 0.571495
1311875658.5844159 735 -8.44465 -0.740669 6.54884 -0.0479602 -0.80526 -0.104072 0.581743
1311875658.6164269 736 -8.4514 -0.732087 6.54303 -0.0430669 -0.803089 -0.0995586 0.585902
1311875658.6484339 737 -8.47554 -0.747986 6.54532 -0.0396284 -0.80273 -0.0944364 0.587482
1311875658.7489941 740 -8.50111 -0.70329 6.56646 -0.026279 -0.802526 -0.0817447 0.590406
1311875658.7846961 741 -8.51248 -0.718021 6.56495 -0.0228736 -0.801832 -0.0784938 0.59193
1311875658.816407 742 -8.50677 -0.744657 6.54043 -0.0217578 -0.799516 -0.0776088 0.595213
1311875658.8486149 743 -8.53247 -0.709629 6.56345 -0.014898 -0.801304 -0.0709991 0.593843
1311875658.8844719 744 -8.53785 -0.738739 6.55243 -0.0100769 -0.800676 -0.0681219 0.595127
1311875658.9165511 745 -8.54576 -0.707755 6.5609 -0.00079725 -0.802121 -0.0604561 0.594094
1311875658.948894 746 -8.54854 -0.756698 6.54194 0.000178842 -0.801782 -0.0595989 0.594637
1311875658.9854701 747 -8.54717 -0.740319 6.53168 0.00631601 -0.802606 -0.0525346 0.594159
1311875659.0165939 748 -8.5602 -0.731147 6.53262 0.00964012 -0.804024 -0.0476595 0.592606
1311875659.08464 750 -8.55735 -0.748025 6.50816 0.0139619 -0.804142 -0.0416763 0.59281
1311875659.1483481 752 -8.57942 -0.718358 6.50013 0.0297531 -0.805388 -0.0277115 0.591352
1311875659.184459 753 -8.57288 -0.722511 6.47896 0.0330219 -0.804854 -0.0198148 0.592222
1311875659.2165041 754 -8.55833 -0.711377 6.46128 0.0369937 -0.804887 -0.0114673 0.592162
1311875659.248508 755 -8.56875 -0.699417 6.45023 0.0401748 -0.80541 -0.00487714 0.591334
1311875659.284565 756 -8.57759 -0.715766 6.44345 0.0370831 -0.806605 0.00115081 0.589925
1311875659.316736 757 -8.57667 -0.708292 6.43038 0.0390536 -0.80746 0.0111677 0.588522
1311875659.3489411 758 -8.5886 -0.708873 6.42091 0.039087 -0.80768 0.0176063 0.588061
1311875659.416465 760 -8.59449 -0.710612 6.39762 0.0364986 -0.809007 0.0297203 0.585911
1311875659.4486361 761 -8.60139 -0.70537 6.38584 0.0420894 -0.809512 0.0333201 0.584644
1311875659.484484 762 -8.59581 -0.689877 6.36677 0.0463627 -0.80782 0.0366455 0.586459
1311875659.5164161 763 -8.57826 -0.680449 6.34548 0.0491383 -0.806342 0.0446815 0.587709
1311875659.548497 764 -8.59188 -0.703196 6.34056 0.0511129 -0.807922 0.050743 0.584871
1311875659.584964 765 -8.58652 -0.693851 6.32482 0.0513342 -0.807991 0.0549926 0.584372
1311875659.616411 766 -8.5977 -0.703829 6.31791 0.047993 -0.809195 0.0597085 0.582524
1311875659.6484621 767 -8.60158 -0.706246 6.30769 0.049479 -0.810826 0.0653728 0.579517
1311875659.68434 768 -8.5899 -0.700611 6.29232 0.0516228 -0.812259 0.069326 0.576857
1311875659.7165051 769 -8.58879 -0.692682 6.27849 0.0527053 -0.813161 0.0707858 0.57531
1311875659.7485421 770 -8.59675 -0.707818 6.27444 0.0523037 -0.816281 0.0731645 0.570611
1311875659.7844889 771 -8.60467 -0.710766 6.26737 0.056575 -0.819088 0.0753851 0.565872
1311875659.8164501 772 -8.59983 -0.698345 6.25378 0.0623774 -0.819831 0.0768492 0.563987
1311875659.848552 773 -8.60113 -0.705674 6.24619 0.0641805 -0.821251 0.079335 0.561368
1311875659.884485 774 -8.59958 -0.705989 6.23702 0.0676811 -0.823316 0.0832461 0.557352
1311875659.9483631 775 -8.61298 -0.70124 6.22042 0.073009 -0.827516 0.0894784 0.549436
1311875660.2164149 776 -8.65103 -0.66663 6.15621 0.0822827 -0.832535 0.0941076 0.539685
1311875660.4164 777 -8.69032 -0.654393 6.1089 0.0916873 -0.831244 0.10067 0.538974
1311875660.548315 778 -8.72176 -0.665601 6.08195 0.103426 -0.825266 0.105668 0.545044
1311875660.7842679 779 -8.75066 -0.69188 6.03239 0.104111 -0.823311 0.11848 0.545237
1311875660.9844799 780 -8.76973 -0.670267 5.98256 0.107082 -0.824627 0.120694 0.542178
1311875661.7166851 785 -8.82582 -0.587663 5.74164 0.082232 -0.816115 0.127933 0.557519
1311875661.816371 786 -8.83068 -0.577427 5.71217 0.0776134 -0.816538 0.116129 0.560139
1311875661.848372 787 -8.84378 -0.572155 5.70754 0.0752407 -0.816691 0.110356 0.561406
1311875661.884362 788 -8.84868 -0.587022 5.70476 0.0738765 -0.816879 0.107436 0.561879
1311875662.01631 791 -8.83606 -0.539748 5.66517 0.0694992 -0.816783 0.0941044 0.56496
1311875662.084379 793 -8.86261 -0.559312 5.66047 0.0645104 -0.817389 0.0833695 0.56636
1311875662.2163889 797 -8.86805 -0.521282 5.62578 0.0685567 -0.813814 0.0629978 0.573618
1311875662.2484889 798 -8.90197 -0.532315 5.626 0.0670634 -0.81399 0.0575751 0.574115
1311875662.5482719 807 -8.95967 -0.477953 5.56084 0.0383651 -0.81283 0.0317658 0.580368
1311875662.5844281 808 -8.99663 -0.51846 5.56768 0.0329215 -0.813464 0.0265316 0.580076
1311875662.6164031 809 -8.96227 -0.496833 5.54673 0.0304246 -0.812307 0.0267795 0.581821
1311875662.6483631 810 -8.9595 -0.476734 5.53158 0.0305421 -0.812794 0.0285697 0.581049
1311875662.7162549 812 -8.97334 -0.45855 5.52127 0.0212079 -0.812903 0.0247203 0.581487
1311875662.748311 813 -8.97084 -0.445029 5.50884 0.0236203 -0.812303 0.0250992 0.582217
1311875662.7843001 814 -8.9971 -0.45852 5.51144 0.0237128 -0.812169 0.0225281 0.582504
1311875662.8163569 815 -9.02684 -0.489349 5.51284 0.0182271 -0.812163 0.01738 0.582887
1311875662.848392 816 -9.0085 -0.473238 5.49933 0.01568 -0.811458 0.0166456 0.583964
1311875662.8844919 817 -8.98452 -0.429292 5.47994 0.0187259 -0.810536 0.0157183 0.585179
1311875662.9162221 818 -8.9901 -0.437757 5.47511 0.0137547 -0.811012 0.0100579 0.584781
1311875662.9844661 820 -9.00275 -0.438151 5.46271 0.00967107 -0.813831 0.00496883 0.581
1311875663.0164361 821 -9.01716 -0.422693 5.45171 0.0117805 -0.813854 -0.000117336 0.58095
1311875663.049706 822 -9.01064 -0.410403 5.44027 0.00861998 -0.813091 -0.00640522 0.582038
1311875663.0844281 823 -9.01159 -0.435295 5.43472 0.00432857 -0.814427 -0.0116625 0.580132
1311875663.1164811 824 -9.01775 -0.407113 5.42579 0.00807365 -0.815485 -0.0173872 0.578461
1311875663.184346 826 -9.01461 -0.402831 5.40203 0.00482524 -0.816299 -0.0307847 0.576788
1311875663.216347 827 -9.0307 -0.391797 5.39632 0.00982967 -0.817393 -0.0349655 0.574934
1311875663.2484341 828 -9.0475 -0.385334 5.39106 0.00962809 -0.817638 -0.0427899 0.574059
1311875663.2843111 829 -9.06916 -0.403991 5.38113 0.00456396 -0.817895 -0.0495717 0.57321
1311875663.3162971 830 -9.06155 -0.387208 5.37438 0.00233904 -0.818447 -0.0537389 0.572059
1311875663.3484361 831 -9.0645 -0.389958 5.35882 -0.00473429 -0.818537 -0.0605916 0.571229
1311875663.38429 832 -9.07774 -0.435001 5.34996 -0.0177031 -0.819664 -0.0696352 0.56832
1311875663.416363 833 -9.08153 -0.401498 5.34423 -0.0240351 -0.821308 -0.0708407 0.565559
1311875663.448313 834 -9.0825 -0.394019 5.33869 -0.0309265 -0.821688 -0.0745684 0.564191
1311875663.484293 835 -9.08473 -0.396204 5.32463 -0.0383598 -0.821183 -0.0764431 0.56422
1311875663.5162301 836 -9.07835 -0.379433 5.31514 -0.0463705 -0.820483 -0.0769396 0.564568
1311875663.548316 837 -9.06579 -0.385922 5.29985 -0.0548788 -0.819329 -0.0822084 0.564739
1311875663.616508 839 -9.10978 -0.364594 5.29756 -0.0599847 -0.82151 -0.0880441 0.560153
1311875663.6482921 840 -9.08647 -0.369432 5.27503 -0.0615416 -0.819373 -0.0935138 0.562223
1311875663.684252 841 -9.10737 -0.394612 5.26565 -0.0699068 -0.81918 -0.0988747 0.560607
1311875663.716265 842 -9.09118 -0.383477 5.25343 -0.0735422 -0.819512 -0.101224 0.559236
1311875663.7483201 843 -9.08831 -0.373048 5.2405 -0.0796785 -0.819179 -0.108214 0.557573
1311875663.7843671 844 -9.10593 -0.372024 5.24068 -0.0846277 -0.819331 -0.11442 0.555376
1311875663.8162279 845 -9.09726 -0.368343 5.22641 -0.0867126 -0.819052 -0.116471 0.55504
1311875663.848346 846 -9.09133 -0.358965 5.21298 -0.0910617 -0.817788 -0.122566 0.554894
1311875663.8844969 847 -9.10838 -0.368764 5.20861 -0.0986867 -0.817574 -0.129697 0.552279
1311875663.9163289 848 -9.10839 -0.366129 5.20019 -0.103363 -0.817937 -0.134207 0.549803
1311875663.948267 849 -9.10892 -0.355624 5.19397 -0.107337 -0.818 -0.140347 0.54741
1311875663.9843409 850 -9.1031 -0.349064 5.18256 -0.109516 -0.817269 -0.148203 0.545997
1311875664.0164101 851 -9.11781 -0.350953 5.17566 -0.113197 -0.816302 -0.153574 0.545208
1311875664.048326 852 -9.11976 -0.342991 5.16837 -0.113944 -0.815804 -0.157324 0.544729
1311875664.08512 853 -9.11621 -0.327256 5.16187 -0.115327 -0.814856 -0.162419 0.544362
1311875664.116215 854 -9.12392 -0.337867 5.15107 -0.120863 -0.812805 -0.169291 0.544133
1311875664.1483109 855 -9.12219 -0.332557 5.13698 -0.122171 -0.81279 -0.173047 0.542679
1311875664.248172 856 -9.13193 -0.320849 5.11602 -0.129768 -0.810899 -0.187885 0.538797
1311875664.3844719 857 -9.14655 -0.306477 5.08245 -0.132325 -0.809028 -0.2036 0.535268
1311875664.616257 858 -9.16904 -0.281924 5.02262 -0.138074 -0.811045 -0.215471 0.526037
1311875665.1162159 859 -9.24928 -0.249306 4.94108 -0.163681 -0.803605 -0.237336 0.520671
1311875665.31675 860 -9.2567 -0.242039 4.89376 -0.156323 -0.809441 -0.250956 0.507336
1311875665.5161779 861 -9.25876 -0.244164 4.83626 0.157444 0.818227 0.254164 -0.491036
1311875665.848331 862 -9.27695 -0.230174 4.77726 0.158189 0.82931 0.262051 -0.467494
1311875666.116461 863 -9.282 -0.23704 4.71573 0.155423 0.837707 0.243487 -0.463471
1311875666.2482519 864 -9.29278 -0.254538 4.68512 0.153433 0.844303 0.22911 -0.459476
1311875666.2841289 865 -9.28778 -0.246664 4.67779 0.149425 0.847264 0.22237 -0.458659
1311875666.316519 866 -9.28123 -0.245202 4.67076 0.147741 0.84888 0.21833 -0.458157
1311875666.3481929 867 -9.28729 -0.256477 4.659 0.148417 0.850489 0.214782 -0.456628
1311875666.3841989 868 -9.28079 -0.248001 4.65124 0.146397 0.853705 0.207356 -0.454709
1311875666.416146 869 -9.28092 -0.251112 4.64842 0.14548 0.856309 0.203382 -0.451892
1311875666.448179 870 -9.28357 -0.250159 4.64318 0.143496 0.85854 0.199941 -0.449824
1311875666.4845419 871 -9.29066 -0.262172 4.63592 0.140667 0.860675 0.195957 -0.448388
1311875666.516181 872 -9.28152 -0.249175 4.6337 0.133902 0.863257 0.190674 -0.447773
1311875666.5482261 873 -9.29062 -0.264608 4.62989 0.131056 0.864843 0.188123 -0.446632
1311875666.5841589 874 -9.29361 -0.271662 4.62124 0.126417 0.8668 0.182827 -0.446376
1311875666.616173 875 -9.28569 -0.263608 4.61535 0.121034 0.86921 0.176115 -0.445879
1311875666.648279 876 -9.2717 -0.261712 4.61037 0.117827 0.870756 0.172417 -0.445166
1311875666.6843491 877 -9.27861 -0.275758 4.59757 0.118214 0.872193 0.169963 -0.443191
1311875666.7162349 878 -9.27718 -0.263465 4.59457 0.115701 0.87542 0.163958 -0.43974
1311875666.7482879 879 -9.26898 -0.260894 4.59339 0.113703 0.877437 0.159835 -0.437754
1311875666.7842629 880 -9.27516 -0.259802 4.58747 0.113223 0.878598 0.158179 -0.436149
1311875666.8162551 881 -9.2826 -0.278206 4.58174 0.111689 0.880441 0.154524 -0.434133
1311875667.184181 883 -9.29175 -0.292689 4.53232 0.099439 0.897693 0.117315 -0.412913
1311875667.4842019 884 -9.35785 -0.320111 4.48415 0.0833793 0.911578 0.0707816 -0.396312
1311875667.8842671 885 -9.45535 -0.329081 4.41753 0.0801246 0.921122 0.0217001 -0.38032
1311875668.352345 886 -9.5048 -0.3392 4.32658 0.0510249 0.921803 -0.0288867 -0.383199
1311875668.8842649 887 -9.4942 -0.356413 4.20269 0.0191513 0.908702 -0.0974055 -0.405471
1311875669.3185861 888 -9.47519 -0.348275 4.12385 -0.00377028 0.903129 -0.112859 -0.414255
1311875669.752224 889 -9.46566 -0.327189 4.03008 -0.0338624 0.891836 -0.113823 -0.436492
1311875670.588408 891 -9.57351 -0.202182 3.80335 -0.0222247 0.890233 -0.0467804 -0.452551
1311875671.053453 892 -9.64469 -0.152969 3.6941 -0.00765106 0.867952 -0.0070119 -0.49654
1311875671.0841761 893 -9.65501 -0.151997 3.68431 0.00837796 -0.865948 0.00466828 0.500041
1311875671.1530049 894 -9.65596 -0.146542 3.66695 0.00499533 -0.861562 0.00178747 0.507625
1311875671.252075 896 -9.65417 -0.13327 3.63945 -0.00303405 -0.856091 -0.00267302 0.51681
1311875671.284126 897 -9.67797 -0.134381 3.6394 -0.00348539 -0.854944 -0.00389506 0.518695
1311875671.3169539 898 -9.66516 -0.132151 3.62751 -0.00597475 -0.852538 -0.00620042 0.522595
1311875671.3526881 899 -9.66384 -0.124225 3.61932 -0.00992545 -0.850274 -0.00936319 0.526164
1311875671.4185231 901 -9.66494 -0.0920737 3.60589 -0.0112571 -0.846806 -0.0160232 0.531541
1311875671.452728 902 -9.67702 -0.100411 3.60349 -0.0150266 -0.844759 -0.0238854 0.534403
1311875671.5188529 904 -9.66698 -0.0881577 3.58606 -0.0153002 -0.840764 -0.0341976 0.540105
1311875671.552562 905 -9.68351 -0.108038 3.58594 -0.0195013 -0.839589 -0.0423162 0.54122
1311875671.5843251 906 -9.68634 -0.117778 3.57438 -0.0204541 -0.837835 -0.0472715 0.543488
1311875671.652565 908 -9.68716 -0.0902082 3.56395 -0.0235476 -0.833926 -0.0562301 0.548499
1311875671.6872809 909 -9.7019 -0.10185 3.5643 -0.0283016 -0.833177 -0.058886 0.549133
1311875671.716069 910 -9.67443 -0.098847 3.54354 -0.0266657 -0.830484 -0.0638292 0.552731
1311875671.784514 912 -9.68988 -0.0845231 3.53492 -0.0298906 -0.827971 -0.0708853 0.555468
1311875671.8557241 914 -9.70629 -0.090013 3.52329 -0.0327744 -0.824775 -0.0810674 0.558659
1311875671.8840101 915 -9.70017 -0.0841446 3.51345 -0.0312355 -0.823257 -0.0834639 0.56063
1311875671.9169359 916 -9.70848 -0.076599 3.50865 -0.0336815 -0.822349 -0.0860377 0.561431
1311875671.953023 917 -9.71394 -0.0860968 3.49906 -0.0365312 -0.821524 -0.089076 0.561986
1311875672.0162621 919 -9.74063 -0.0751476 3.49162 -0.0391342 -0.821382 -0.0920149 0.561546
1311875672.0556569 920 -9.74849 -0.0656312 3.4848 -0.0398522 -0.820848 -0.0923407 0.562222
1311875672.185262 924 -9.76022 -0.0390718 3.44639 -0.0526665 -0.819581 -0.098337 0.561999
1311875672.255547 926 -9.77015 -0.0441878 3.42478 -0.0564711 -0.818483 -0.102252 0.562531
1311875672.2846141 927 -9.77791 -0.0416009 3.41436 -0.0587584 -0.818212 -0.103252 0.562509
1311875672.31637 928 -9.79172 -0.0455559 3.40961 -0.0620734 -0.818887 -0.102793 0.561253
1311875672.3558619 929 -9.77883 -0.028214 3.39793 -0.0621961 -0.818597 -0.101981 0.56181
1311875672.383996 930 -9.78876 -0.0288326 3.38852 -0.0657916 -0.818046 -0.1051 0.561628
1311875672.4529979 932 -9.78718 -0.0115927 3.37217 -0.066033 -0.818328 -0.106367 0.560949
1311875672.4858279 933 -9.79434 -0.00684738 3.36626 -0.0684504 -0.817465 -0.111062 0.561009
1311875672.516037 934 -9.81021 -0.0188403 3.35704 -0.0715027 -0.816975 -0.114639 0.560621
1311875672.686651 937 -9.82961 0.0151596 3.31358 -0.0738249 -0.815796 -0.134892 0.557522
1311875672.754746 938 -9.83755 0.0319402 3.29959 -0.0771671 -0.816338 -0.140442 0.5549
1311875672.8160629 939 -9.85092 0.0286841 3.28059 -0.0815729 -0.815503 -0.149344 0.55317
1311875672.854682 940 -9.8477 0.048383 3.27678 -0.0826654 -0.815818 -0.150551 0.552215
1311875672.9161019 941 -9.85823 0.0471745 3.26065 -0.0895832 -0.814363 -0.159583 0.550745
1311875672.985976 942 -9.86169 0.0647786 3.24678 -0.0915237 -0.813249 -0.167976 0.549575
1311875673.0843339 943 -9.86002 0.0917356 3.22758 -0.0938267 -0.812127 -0.179644 0.54715
1311875673.384228 944 -9.88797 0.11235 3.14259 -0.110779 -0.798548 -0.196166 0.558183
1311875673.8560719 945 -9.88525 0.169084 3.02874 -0.145328 -0.771581 -0.238049 0.57173
1311875674.352381 946 -9.92246 0.232913 2.9332 -0.169417 -0.748079 -0.297824 0.56831
1311875674.884217 947 -10.0362 0.231306 2.76651 -0.183713 -0.742968 -0.270441 0.584046
1311875675.3160701 948 -10.081 0.207575 2.63081 -0.150058 -0.779485 -0.230142 0.562956
1311875675.7521999 949 -10.0863 0.214671 2.53349 -0.128353 -0.794298 -0.209923 0.555472
1311875676.2160659 950 -10.093 0.194687 2.41118 -0.112392 -0.805309 -0.167186 0.557579
1311875676.484184 951 -10.0822 0.180197 2.33157 -0.0972856 -0.821508 -0.12865 0.546909
1311875676.5842569 952 -10.0818 0.178852 2.30783 -0.0969106 -0.824982 -0.118902 0.543944
1311875676.6520259 953 -10.0774 0.178407 2.28596 -0.0947154 -0.827442 -0.114573 0.541518
1311875676.7200301 954 -10.0645 0.178403 2.26899 -0.0900103 -0.831971 -0.108746 0.53656
1311875676.8520341 956 -10.0772 0.175036 2.23011 -0.0800997 -0.840523 -0.0995014 0.526502
1311875676.8841419 957 -10.0766 0.165581 2.21641 -0.0797965 -0.841716 -0.0964335 0.525212
1311875676.920084 958 -10.0677 0.166771 2.20548 -0.0785382 -0.844101 -0.0933693 0.522118
1311875676.9519601 959 -10.065 0.171126 2.1935 -0.0776736 -0.845869 -0.0914037 0.519728
1311875676.9840851 960 -10.0736 0.173537 2.18683 -0.0769077 -0.847858 -0.0889274 0.517024
1311875677.020107 961 -10.0729 0.175954 2.17629 -0.0749433 -0.849322 -0.0876283 0.515127
1311875677.0523479 962 -10.076 0.17452 2.16358 -0.0716425 -0.850792 -0.0859941 0.513444
1311875677.084131 963 -10.0663 0.179163 2.15115 -0.069124 -0.851561 -0.0837357 0.512888
1311875677.1200941 964 -10.0661 0.1652 2.14016 -0.0713287 -0.85247 -0.0842327 0.51099
1311875677.152283 965 -10.0908 0.164676 2.12986 -0.0705807 -0.855376 -0.0797032 0.50695
1311875677.184088 966 -10.071 0.172423 2.11629 -0.0668503 -0.856623 -0.0756844 0.505965
1311875677.219959 967 -10.0903 0.169369 2.11 -0.0672178 -0.858507 -0.0738207 0.50299
1311875677.252146 968 -10.0693 0.172594 2.09198 -0.0651584 -0.859281 -0.0690487 0.502615
1311875677.2841711 969 -10.062 0.170056 2.08066 -0.0687242 -0.860031 -0.0670747 0.501123
1311875677.3272691 970 -10.0787 0.178889 2.07422 0.0713207 0.86137 0.0645186 -0.49879
1311875677.3520961 971 -10.0864 0.173309 2.06473 0.0742509 0.862229 0.0614498 -0.497265
1311875677.3841391 972 -10.0748 0.170647 2.0527 0.0746898 0.86279 0.0597726 -0.49643
1311875677.42013 973 -10.0877 0.164147 2.04261 0.0761359 0.86354 0.0585693 -0.495046
1311875677.4520299 974 -10.0868 0.163864 2.0303 0.0753914 0.864683 0.0555064 -0.493516
1311875677.4841299 975 -10.0659 0.162548 2.01795 0.0754294 0.865334 0.0548544 -0.492441
1311875677.5201039 976 -10.075 0.144051 2.00812 0.0799698 0.867001 0.0557274 -0.48868
1311875677.5520251 977 -10.077 0.151657 1.99766 0.0798069 0.869244 0.0543034 -0.484868
1311875677.5841949 978 -10.073 0.155417 1.98886 0.0796605 0.870923 0.0539549 -0.481909
1311875677.6522591 979 -10.054 0.146265 1.96589 0.0833018 0.874099 0.0579209 -0.475034
1311875678.3521111 982 -10.0289 0.226562 1.77305 0.0776791 0.88033 0.117293 -0.45302
1311875678.4520121 983 -10.0235 0.234242 1.741 0.092876 0.879091 0.129121 -0.449333
1311875678.8840649 994 -10.0304 0.283111 1.61373 0.105908 0.869286 0.171028 -0.451525
1311875678.9201 995 -10.0284 0.295531 1.61109 0.104939 0.869055 0.173168 -0.45138
1311875678.9521191 996 -10.0266 0.300964 1.59969 0.105318 0.867405 0.178072 -0.452556
1311875679.0200701 998 -10.0269 0.31139 1.58085 0.104475 0.866036 0.184521 -0.45279
1311875679.0841501 1000 -10.0379 0.311921 1.56232 0.106178 0.863525 0.193819 -0.453304
1311875679.152108 1001 -10.0351 0.323767 1.54396 0.10452 0.861589 0.19845 -0.455366
1311875679.220129 1002 -10.0431 0.331113 1.522 0.107134 0.858737 0.203296 -0.457999
1311875679.2520571 1003 -10.0496 0.33361 1.5118 0.107752 0.857733 0.204419 -0.459234
1311875679.38411 1005 -10.0449 0.364639 1.4724 0.108971 0.852939 0.208632 -0.465932
1311875679.420083 1006 -10.0512 0.366608 1.46212 0.11435 0.849734 0.213867 -0.468121
1311875679.4841521 1007 -10.0542 0.377875 1.44127 0.118214 0.845754 0.215394 -0.473636
1311875679.5520899 1008 -10.0719 0.37236 1.41796 0.127737 0.839645 0.226575 -0.476806
1311875679.6522369 1009 -10.0848 0.377612 1.38332 0.127612 0.834232 0.236105 -0.481692
1311875679.952121 1010 -10.0988 0.413149 1.30895 0.130681 0.82131 0.259134 -0.491144
1311875680.8519731 1011 -10.0697 0.433634 1.07965 -0.154403 -0.784666 -0.223881 0.557079
1311875681.2841749 1012 -10.0512 0.43595 0.975867 -0.131853 -0.795255 -0.20169 0.556332
1311875681.452055 1013 -10.0656 0.412769 0.927773 -0.122127 -0.79709 -0.187201 0.56097
1311875681.6200471 1015 -10.0581 0.430606 0.888361 -0.114771 -0.800655 -0.166173 0.564062
1311875681.6840611 1016 -10.0682 0.417718 0.866608 -0.118247 -0.799282 -0.159724 0.567145
1311875681.7520659 1017 -10.0733 0.414005 0.849236 -0.118185 -0.799991 -0.151991 0.568282
1311875681.82005 1018 -10.0719 0.407674 0.827331 -0.116749 -0.800719 -0.144851 0.569419
1311875681.88413 1019 -10.09 0.389402 0.81442 -0.115894 -0.803275 -0.134536 0.568522
1311875681.920048 1020 -10.0769 0.388502 0.797824 -0.113772 -0.804083 -0.128429 0.569221
1311875681.9520741 1021 -10.0851 0.3821 0.79356 -0.1144 -0.805994 -0.123187 0.567548
1311875681.9841471 1022 -10.0854 0.374719 0.783036 -0.11257 -0.807662 -0.115705 0.567118
1311875682.0841391 1024 -10.0917 0.360834 0.759333 -0.104967 -0.813753 -0.09913 0.562993
1311875682.620115 1026 -10.0783 0.332656 0.631003 -0.0543918 -0.830135 -0.0409027 0.553393
1311875683.452009 1027 -9.90784 0.311307 0.401599 0.0227065 0.87603 -0.0199346 -0.481309
1311875684.251987 1028 -9.81231 0.289938 0.186159 0.0237797 0.902626 -0.0299905 -0.428721
1311875684.819798 1029 -9.8115 0.325446 0.0471349 0.0321431 0.914743 -0.0165342 -0.402415
1311875685.7879701 1031 -9.68457 0.424812 -0.149717 0.0570501 0.921022 0.0888481 -0.374925
1311875685.95192 1032 -9.64581 0.447595 -0.164528 0.0635423 0.923558 0.10997 -0.361815
1311875686.052052 1033 -9.6151 0.46366 -0.172745 0.0696077 0.924211 0.121786 -0.355186
1311875686.151983 1035 -9.59313 0.485434 -0.187891 0.0823233 0.92561 0.138191 -0.342597
1311875686.720005 1038 -9.53113 0.529933 -0.221501 0.104255 0.930334 0.209371 -0.282441
1311875686.85179 1039 -9.53005 0.531681 -0.238036 0.115067 0.924193 0.224822 -0.286499
1311875687.319912 1040 -9.52562 0.54142 -0.291116 0.139201 0.905571 0.267033 -0.298761
1311875688.4198351 1041 -9.41981 0.535642 -0.377751 0.100207 0.910366 0.276461 -0.291138
1311875688.4517469 1042 -9.41593 0.516336 -0.38809 0.0990869 0.912928 0.273401 -0.286349
1311875688.6878779 1043 -9.38813 0.483852 -0.421402 0.0821802 0.933381 0.239196 -0.254622
1311875688.7519391 1044 -9.36948 0.475318 -0.428114 0.0820209 0.936705 0.228354 -0.25241
1311875688.8198969 1045 -9.37135 0.466837 -0.434371 0.0809118 0.941906 0.212541 -0.24717
1311875688.887893 1046 -9.37085 0.450219 -0.43853 0.0776434 0.945561 0.197882 -0.246434
1311875688.9198699 1047 -9.36923 0.448324 -0.437916 0.0749538 0.94713 0.190297 -0.247213
1311875688.9519429 1048 -9.36896 0.456286 -0.432648 0.0706909 0.94876 0.183656 -0.247241
1311875688.9879539 1049 -9.36589 0.455009 -0.430035 0.0672775 0.949457 0.179388 -0.248645
1311875689.019882 1050 -9.35985 0.433831 -0.441147 0.0645285 0.949848 0.175538 -0.250622
1311875689.0879071 1051 -9.3486 0.433604 -0.438958 0.0606082 0.952666 0.160036 -0.251283
1311875689.1519561 1052 -9.34774 0.420861 -0.449893 0.057517 0.954794 0.151835 -0.249011
1311875689.28791 1053 -9.33723 0.412411 -0.450236 0.0473946 0.959387 0.13141 -0.245076
1311875689.519757 1054 -9.33565 0.388531 -0.450663 0.0392608 0.965453 0.096604 -0.238804
1311875689.8878989 1055 -9.32981 0.399738 -0.418179 0.0318314 0.971656 0.0518082 -0.228445
1311875690.2877741 1056 -9.31744 0.362322 -0.443977 0.0246736 0.979849 -0.00181842 -0.198201
1311875690.5197239 1057 -9.32087 0.343564 -0.405298 0.0209597 0.983818 -0.0460035 -0.17189
1311875690.7198241 1058 -9.31995 0.346794 -0.386345 0.0131053 0.987528 -0.0590714 -0.14535
1311875691.15185 1059 -9.29957 0.300166 -0.364508 0.0316886 0.995395 -0.0641203 -0.0638226
1311875691.319824 1060 -9.30743 0.280395 -0.357629 0.0501186 0.996973 -0.0529696 -0.0269583
1311875691.4518249 1061 -9.24062 0.270041 -0.331099 0.061111 0.996962 -0.0473369 0.00955505
1311875691.5877509 1062 -9.21767 0.293064 -0.322516 0.0697447 0.994833 -0.0469182 0.0569397
1311875691.6877971 1063 -9.20784 0.295849 -0.318446 0.077811 0.991838 -0.0397686 0.0928501
1311875691.7519591 1064 -9.21467 0.291601 -0.324438 0.0851084 0.988962 -0.0330621 0.116699
1311875691.851891 1065 -9.16548 0.297262 -0.285376 0.0864634 0.986248 -0.0187013 0.1396
1311875693.887852 1075 -9.15049 0.510868 -0.237202 0.0505752 0.971222 0.172752 0.155969
1311875694.087755 1081 -9.1335 0.541629 -0.203712 0.045228 0.966558 0.193253 0.162401
1311875694.1877689 1084 -9.12454 0.524582 -0.203533 0.0434725 0.963486 0.206397 0.164937
1311875694.2879469 1087 -9.1255 0.540707 -0.186842 0.043369 0.962057 0.208538 0.170521
1311875694.32006 1088 -9.12791 0.543679 -0.18381 0.0403048 0.961509 0.210397 0.172072
1311875694.3518701 1089 -9.12353 0.547523 -0.17335 0.0367078 0.960823 0.212513 0.174099
1311875694.3876131 1090 -9.12048 0.543375 -0.17403 0.0336593 0.959285 0.216853 0.177804
1311875694.419863 1091 -9.11853 0.53262 -0.186202 0.0342299 0.957996 0.219095 0.181848
1311875694.5198481 1094 -9.11595 0.524843 -0.159539 0.0401222 0.953201 0.22027 0.203171
1311875694.5517941 1095 -9.11336 0.537567 -0.156098 0.0382091 0.951302 0.220434 0.212068
1311875694.5877621 1096 -9.12061 0.54864 -0.153782 0.0366521 0.949125 0.222737 0.219559
1311875694.61973 1097 -9.12152 0.54937 -0.160028 0.0347709 0.94703 0.226586 0.224908
1311875695.187701 1098 -9.18668 0.573926 -0.174531 0.00498149 0.935063 0.244492 0.256625
1311875695.5878711 1099 -9.21277 0.607482 -0.121964 -0.000989205 0.937179 0.276522 0.212672
1311875695.8199019 1100 -9.20123 0.619277 -0.079399 0.00696796 0.936128 0.305023 0.174863
1311875696.387686 1101 -9.16276 0.609151 0.0347486 0.0218789 0.935305 0.333542 0.116087
1311875697.287914 1102 -9.03942 0.622451 0.107071 0.0017853 0.911354 0.345927 0.22308
1311875698.0199511 1103 -8.8886 0.605487 0.171496 -0.01117 0.892789 0.308547 0.328027
1311875698.6559429 1104 -8.73086 0.521915 0.187168 0.0109659 0.906927 0.237408 0.347852
1311875698.7556829 1105 -8.70367 0.500226 0.185678 0.0177782 0.908362 0.220671 0.354776
1311875698.7876611 1106 -8.69811 0.489714 0.183895 0.0204101 0.90884 0.213443 0.35782
1311875698.8197141 1107 -8.69185 0.483094 0.182318 0.0208558 0.909287 0.205105 0.361517
1311875698.8557379 1108 -8.68814 0.474147 0.176218 0.0203325 0.909854 0.197459 0.364365
1311875698.8876519 1109 -8.68037 0.467885 0.169172 0.0201554 0.911194 0.188375 0.365833
1311875700.6195099 1124 -8.29491 0.473911 -0.177813 0.00302787 0.934532 0.190002 0.3009
1311875700.655767 1125 -8.288 0.479617 -0.188092 0.0022759 0.932147 0.194457 0.305423
1311875700.6876211 1126 -8.28368 0.484409 -0.207055 0.0027764 0.929743 0.198586 0.310056
1311875700.819813 1128 -8.2566 0.508071 -0.253475 -0.00566502 0.921329 0.211787 0.325987
1311875701.155726 1129 -8.21548 0.569087 -0.359183 -0.0334509 0.89446 0.255191 0.36565
1311875701.455518 1130 -8.18998 0.624807 -0.437148 -0.0563617 0.864991 0.317516 0.384445
1311875701.887578 1131 -8.07767 0.658984 -0.516383 -0.0600972 0.840953 0.353344 0.405383
1311875702.1554661 1132 -7.99611 0.649308 -0.5987 -0.0616352 0.8374 0.315898 0.441781
1311875702.3876071 1133 -7.95858 0.634894 -0.676173 -0.0509679 0.867237 0.265894 0.417854
1311875702.4876561 1134 -7.9506 0.628221 -0.706957 -0.0417375 0.883271 0.246762 0.396484
1311875702.555516 1135 -7.94277 0.631283 -0.738676 -0.0324535 0.894441 0.233032 0.380286
1311875702.6876271 1136 -7.94639 0.62016 -0.786406 -0.0204524 0.915727 0.204293 0.345384
1311875702.755579 1137 -7.96115 0.61224 -0.812124 -0.018626 0.927794 0.18933 0.320946
1311875702.8875761 1138 -7.96786 0.594997 -0.835538 -0.0227039 0.948639 0.164757 0.269116
1311875703.0231111 1139 -7.97474 0.567993 -0.855335 -0.0179601 0.962462 0.14472 0.228914
1311875703.8554771 1142 -7.95225 0.50346 -1.04709 0.0127445 0.985681 0.164189 0.0362269
1311875704.2235179 1143 -7.91099 0.458103 -1.04116 -0.00188453 0.981341 0.187102 -0.0442707
1311875704.5892911 1144 -7.80389 0.431503 -1.03843 0.0370105 0.972879 0.203856 -0.10286
1311875704.923656 1145 -7.65955 0.423987 -1.00731 0.0478861 0.966072 0.214118 -0.136256
1311875705.3235099 1146 -7.51017 0.42658 -1.01367 0.0182218 0.964778 0.228154 -0.129679
1311875705.7555101 1147 -7.34257 0.44188 -1.06307 0.0401873 0.965369 0.224916 -0.125935
1311875706.187696 1148 -7.21393 0.402609 -1.12951 0.0547809 0.960597 0.21931 -0.161729
1311875706.825614 1150 -7.01379 0.358699 -1.29 0.0607052 0.954212 0.212401 -0.201695
1311875707.1581111 1151 -6.85831 0.358589 -1.3804 0.0713647 0.953739 0.214862 -0.197797
1311875707.3272829 1152 -6.79214 0.360802 -1.40848 0.0685593 0.95732 0.228271 -0.163493
1311875707.6891479 1153 -6.6559 0.367917 -1.48914 0.0484188 0.964273 0.249163 -0.0758351
1311875707.855511 1154 -6.6011 0.37024 -1.5343 0.0507556 0.96738 0.246059 -0.0324944
1311875708.1258931 1155 -6.53958 0.36513 -1.58899 0.0638086 0.971823 0.226882 0.00362726
1311875708.2875509 1156 -6.55154 0.3756 -1.638 0.0605717 0.971824 0.22668 -0.0224855
1311875708.6588049 1157 -6.49969 0.357628 -1.71391 0.0431007 0.967108 0.213695 -0.131071
1311875709.0590949 1159 -6.4263 0.363236 -1.80242 0.0150917 0.964264 0.166001 -0.205939
1311875709.1239669 1160 -6.40215 0.369984 -1.81135 0.0165299 0.96197 0.16462 -0.217348
1311875709.3267219 1162 -6.3465 0.384769 -1.83186 0.0199207 0.950917 0.164486 -0.261353
1311875709.5875499 1163 -6.23675 0.36936 -1.86487 0.0294787 0.929302 0.174661 -0.324072
